Summary
=======
Mass                          1.057359408989022e+00     1.057251948505907e-02
log_Z                        -1.753073577142120e+00     4.150232811343557e-02
mHe                           1.810058800852229e-01     1.451736823246379e-03
Radius                        5.247510691986143e+00     1.872825912094018e-02
Mass                          1.057319307532788e+00     1.057211851125222e-02
log_g                         3.022350741705659e+00     1.281671943819404e-03
Rho                           1.031569091642149e-02     8.738867736264484e-06
Age                           1.011260336000182e+04     7.350665338686510e+02
Teff                          4.668198450761550e+03     2.465832784663046e+01
Xc                            2.658426384297033e-34     4.951951862287614e-36
Luminosity                    1.178487733773973e+01     3.113844924761555e-01
Dnu                           1.126014511141739e+01     2.060084748071974e-02
numax                         1.319295157116667e+02     3.227389938553857e-01
Fe_H                          1.085904766800956e-02     4.629566043290999e-02

Correlation matrix
==================
                          Mass                      log_Z                     mHe                       Radius                    Mass                      log_g                     Rho                       Age                       Teff                      Xc                        Luminosity                Dnu                       numax                     Fe_H                      
Mass                          1.000000000000000e+00    -6.447284844326928e-01    -9.884139819999267e-01     9.986168342345626e-01     9.999999999999999e-01     9.923822832241159e-01    -7.624482600533210e-01    -9.050790563155033e-01     7.129477256374263e-01     9.836104262034491e-01     8.241026593021396e-01    -3.021584745249209e-01     4.236182232306102e-01    -6.163942549464129e-01 
log_Z                        -6.447284844326928e-01     1.000000000000000e+00     5.297772285419345e-01    -6.832185692724467e-01    -6.447284844326929e-01    -5.485125982426060e-01     9.784981110319264e-01     8.979596335814034e-01    -9.950406443571213e-01    -5.587770301867351e-01    -9.627224193241891e-01     4.773302021817944e-01     4.179551931045142e-01     9.963342309504443e-01 
mHe                          -9.884139819999267e-01     5.297772285419345e-01     1.000000000000000e+00    -9.802243232361740e-01    -9.884139819999271e-01    -9.977857794211348e-01     6.661689716172414e-01     8.405118733607420e-01    -6.048854044304984e-01    -9.857182141776785e-01    -7.333145584578462e-01     2.631822158213180e-01    -5.471545749168535e-01     5.029963476854560e-01 
Radius                        9.986168342345626e-01    -6.832185692724467e-01    -9.802243232361740e-01     1.000000000000000e+00     9.986168342345625e-01     9.848013587064450e-01    -7.949967007485774e-01    -9.256516637569430e-01     7.478993244810834e-01     9.768473698831627e-01     8.518075568663447e-01    -3.246297317760949e-01     3.765144840149969e-01    -6.563416637952864e-01 
Mass                          9.999999999999999e-01    -6.447284844326929e-01    -9.884139819999271e-01     9.986168342345625e-01     1.000000000000000e+00     9.923822832241159e-01    -7.624482600533206e-01    -9.050790563155033e-01     7.129477256374263e-01     9.836104262034484e-01     8.241026593021394e-01    -3.021584745249212e-01     4.236182232306101e-01    -6.163942549464124e-01 
log_g                         9.923822832241159e-01    -5.485125982426060e-01    -9.977857794211348e-01     9.848013587064450e-01     9.923822832241159e-01     1.000000000000000e+00    -6.776245591646020e-01    -8.512858043968211e-01     6.234472210898259e-01     9.855642608237696e-01     7.496252046753658e-01    -2.690525669778397e-01     5.298349841383504e-01    -5.176645213348087e-01 
Rho                          -7.624482600533210e-01     9.784981110319264e-01     6.661689716172414e-01    -7.949967007485774e-01    -7.624482600533206e-01    -6.776245591646020e-01     1.000000000000000e+00     9.493128917445369e-01    -9.900570217789578e-01    -6.920400805063829e-01    -9.887518299427893e-01     4.493595135427112e-01     2.567302420333239e-01     9.728529150778384e-01 
Age                          -9.050790563155033e-01     8.979596335814034e-01     8.405118733607420e-01    -9.256516637569430e-01    -9.050790563155033e-01    -8.512858043968211e-01     9.493128917445369e-01     1.000000000000000e+00    -9.305877614982339e-01    -8.405184813531845e-01    -9.734046504419522e-01     4.911851588613896e-01    -1.669769508677701e-02     8.826509993405692e-01 
Teff                          7.129477256374263e-01    -9.950406443571213e-01    -6.048854044304984e-01     7.478993244810834e-01     7.129477256374263e-01     6.234472210898259e-01    -9.900570217789578e-01    -9.305877614982339e-01     1.000000000000000e+00     6.335210906942618e-01     9.844160119371168e-01    -4.657841684235710e-01    -3.327613825162413e-01    -9.866771197040692e-01 
Xc                            9.836104262034491e-01    -5.587770301867351e-01    -9.857182141776785e-01     9.768473698831627e-01     9.836104262034484e-01     9.855642608237696e-01    -6.920400805063829e-01    -8.405184813531845e-01     6.335210906942618e-01     1.000000000000000e+00     7.576382465321548e-01    -2.037476813542019e-01     5.019925504303028e-01    -5.294152260820961e-01 
Luminosity                    8.241026593021396e-01    -9.627224193241891e-01    -7.333145584578462e-01     8.518075568663447e-01     8.241026593021394e-01     7.496252046753658e-01    -9.887518299427893e-01    -9.734046504419522e-01     9.844160119371168e-01     7.576382465321548e-01     1.000000000000000e+00    -4.386955486520999e-01    -1.635431865622414e-01    -9.483111598641699e-01 
Dnu                          -3.021584745249209e-01     4.773302021817944e-01     2.631822158213180e-01    -3.246297317760949e-01    -3.021584745249212e-01    -2.690525669778397e-01     4.493595135427112e-01     4.911851588613896e-01    -4.657841684235710e-01    -2.037476813542019e-01    -4.386955486520999e-01     1.000000000000000e+00     1.836170085533118e-01     4.712696142279946e-01 
numax                         4.236182232306102e-01     4.179551931045142e-01    -5.471545749168535e-01     3.765144840149969e-01     4.236182232306101e-01     5.298349841383504e-01     2.567302420333239e-01    -1.669769508677701e-02    -3.327613825162413e-01     5.019925504303028e-01    -1.635431865622414e-01     1.836170085533118e-01     1.000000000000000e+00     4.463146303778974e-01 
Fe_H                         -6.163942549464129e-01     9.963342309504443e-01     5.029963476854560e-01    -6.563416637952864e-01    -6.163942549464124e-01    -5.176645213348087e-01     9.728529150778384e-01     8.826509993405692e-01    -9.866771197040692e-01    -5.294152260820961e-01    -9.483111598641699e-01     4.712696142279946e-01     4.463146303778974e-01     1.000000000000000e+00 
