Summary
=======
Mass                          1.455348554533689e+00     4.018764285673742e-02
log_Z                        -1.798633640508869e+00     7.736676042468818e-02
mHe                           1.484873335042342e-01     3.147623038655459e-03
A3_surf                       4.605822608203101e-13     4.417731196176618e-13
Am1_surf                     -1.783375846958332e-07     6.431589904500153e-08
Radius                        7.143487111677248e+00     6.845102849037576e-02
Mass                          1.455348554533689e+00     4.018764285673741e-02
log_g                         2.893090934534642e+00     3.653131165046051e-03
Rho                           5.627300211010803e-03     1.531997606770453e-05
Age                           2.966364887427502e+03     3.282752328999951e+02
Teff                          4.747092954548487e+03     4.114220976109185e+01
Xc                            6.873150351182595e-34     1.574676177189834e-34
Luminosity                    2.336467718140699e+01     1.058782897927519e+00
Dnu                           8.221056074129065e+00     1.466548263646363e-02
numax                         9.715422053878233e+01     8.063105142012544e-01
Fe_H                         -3.779303312978013e-02     8.142741363302432e-02

Correlation matrix
==================
                          Mass                      log_Z                     mHe                       A3_surf                   Am1_surf                  Radius                    Mass                      log_g                     Rho                       Age                       Teff                      Xc                        Luminosity                Dnu                       numax                     Fe_H                      
Mass                          1.000000000000000e+00    -1.273361046284809e-01    -9.763993378364083e-01     3.185548196030537e-02    -5.004059296878682e-02     9.963305120581478e-01     1.000000000000000e+00     9.814894105733741e-01    -4.588343783339517e-01    -8.709617596819927e-01     3.303224959681217e-01     9.581778365176714e-01     6.824615659724868e-01     4.604646528290005e-01     8.251110270984222e-01    -1.272289597811847e-01 
log_Z                        -1.273361046284809e-01     1.000000000000000e+00    -8.736047331008664e-02    -8.283435637178753e-02     9.725096076676319e-02    -1.436736209788564e-01    -1.273361046284808e-01    -8.493916053259960e-02     2.402279804030133e-01     5.910019569821896e-01    -9.779785033116324e-01     6.837738473591221e-02    -8.103906766757354e-01     4.813662510829769e-01     4.240140571614758e-01     9.999216935051121e-01 
mHe                          -9.763993378364083e-01    -8.736047331008664e-02     1.000000000000000e+00    -2.254056082251888e-02     3.764641370653701e-02    -9.688742466485817e-01    -9.763993378364085e-01    -9.690748469300017e-01     4.018183011920687e-01     7.491593996207756e-01    -1.211993129279446e-01    -9.709806600545025e-01    -5.102477378695565e-01    -5.717920927178475e-01    -9.214728807825792e-01    -8.741495039131687e-02 
A3_surf                       3.185548196030537e-02    -8.283435637178753e-02    -2.254056082251888e-02     1.000000000000000e+00    -9.909317151967524e-01    -4.625932917930814e-02     3.185548196030544e-02     2.065054457993274e-01     8.023393841695945e-01    -6.458462550109488e-02     9.264918155817434e-02     2.647374023196631e-02     5.181726468290658e-02     6.412365194544690e-01     1.614517572006710e-01    -8.300374610381121e-02 
Am1_surf                     -5.004059296878682e-02     9.725096076676319e-02     3.764641370653701e-02    -9.909317151967524e-01     1.000000000000000e+00     3.004970301763690e-02    -5.004059296878691e-02    -2.282967625638682e-01    -8.130659709173055e-01     8.597612234398852e-02    -1.103867075759821e-01    -4.317125644133422e-02    -7.244436229124376e-02    -6.601067816594037e-01    -1.743914452551620e-01     9.740922631485029e-02 
Radius                        9.963305120581478e-01    -1.436736209788564e-01    -9.688742466485817e-01    -4.625932917930814e-02     3.004970301763690e-02     1.000000000000000e+00     9.963305120581477e-01     9.619392474820739e-01    -5.325535885233421e-01    -8.768946200965944e-01     3.445257413862691e-01     9.480643906456986e-01     6.947491882999983e-01     3.915591908829067e-01     7.977878477960622e-01    -1.435428627991180e-01 
Mass                          1.000000000000000e+00    -1.273361046284808e-01    -9.763993378364085e-01     3.185548196030544e-02    -5.004059296878691e-02     9.963305120581477e-01     1.000000000000000e+00     9.814894105733745e-01    -4.588343783339515e-01    -8.709617596819930e-01     3.303224959681218e-01     9.581778365176714e-01     6.824615659724869e-01     4.604646528290006e-01     8.251110270984223e-01    -1.272289597811847e-01 
log_g                         9.814894105733741e-01    -8.493916053259960e-02    -9.690748469300017e-01     2.065054457993274e-01    -2.282967625638682e-01     9.619392474820739e-01     9.814894105733745e-01     1.000000000000000e+00    -2.810764594510130e-01    -8.362141163009886e-01     2.875059442559708e-01     9.476304159402137e-01     6.347908899726580e-01     6.044159608777258e-01     8.661759058711634e-01    -8.489323355999533e-02 
Rho                          -4.588343783339517e-01     2.402279804030133e-01     4.018183011920687e-01     8.023393841695945e-01    -8.130659709173055e-01    -5.325535885233421e-01    -4.588343783339515e-01    -2.810764594510130e-01     1.000000000000000e+00     4.903086333152038e-01    -3.182543804758595e-01    -3.904595856725157e-01    -4.726274556062794e-01     4.965395067949592e-01    -1.196267939101817e-01     2.399145527278445e-01 
Age                          -8.709617596819927e-01     5.910019569821896e-01     7.491593996207756e-01    -6.458462550109488e-02     8.597612234398852e-02    -8.768946200965944e-01    -8.709617596819930e-01    -8.362141163009886e-01     4.903086333152038e-01     1.000000000000000e+00    -7.444082711628370e-01    -7.316399092817817e-01    -9.461289012776168e-01    -1.364528963936077e-01    -4.611990401571776e-01     5.909724728097606e-01 
Teff                          3.303224959681217e-01    -9.779785033116324e-01    -1.211993129279446e-01     9.264918155817434e-02    -1.103867075759821e-01     3.445257413862691e-01     3.303224959681218e-01     2.875059442559708e-01    -3.182543804758595e-01    -7.444082711628370e-01     1.000000000000000e+00     1.352525655238632e-01     9.141431026381583e-01    -3.555888747168185e-01    -2.295676734491783e-01    -9.777161294554335e-01 
Xc                            9.581778365176714e-01     6.837738473591221e-02    -9.709806600545025e-01     2.647374023196631e-02    -4.317125644133422e-02     9.480643906456986e-01     9.581778365176714e-01     9.476304159402137e-01    -3.904595856725157e-01    -7.316399092817817e-01     1.352525655238632e-01     1.000000000000000e+00     5.132166957277783e-01     5.546177205831020e-01     8.934621200552471e-01     6.860881001987870e-02 
Luminosity                    6.824615659724868e-01    -8.103906766757354e-01    -5.102477378695565e-01     5.181726468290658e-02    -7.244436229124376e-02     6.947491882999983e-01     6.824615659724869e-01     6.347908899726580e-01    -4.726274556062794e-01    -9.461289012776168e-01     9.141431026381583e-01     5.132166957277783e-01     1.000000000000000e+00    -1.022220893581531e-01     1.681959882293242e-01    -8.100169607364045e-01 
Dnu                           4.604646528290005e-01     4.813662510829769e-01    -5.717920927178475e-01     6.412365194544690e-01    -6.601067816594037e-01     3.915591908829067e-01     4.604646528290006e-01     6.044159608777258e-01     4.965395067949592e-01    -1.364528963936077e-01    -3.555888747168185e-01     5.546177205831020e-01    -1.022220893581531e-01     1.000000000000000e+00     7.999131715421131e-01     4.815663765586026e-01 
numax                         8.251110270984222e-01     4.240140571614758e-01    -9.214728807825792e-01     1.614517572006710e-01    -1.743914452551620e-01     7.977878477960622e-01     8.251110270984223e-01     8.661759058711634e-01    -1.196267939101817e-01    -4.611990401571776e-01    -2.295676734491783e-01     8.934621200552471e-01     1.681959882293242e-01     7.999131715421131e-01     1.000000000000000e+00     4.239542982249293e-01 
Fe_H                         -1.272289597811847e-01     9.999216935051121e-01    -8.741495039131687e-02    -8.300374610381121e-02     9.740922631485029e-02    -1.435428627991180e-01    -1.272289597811847e-01    -8.489323355999533e-02     2.399145527278445e-01     5.909724728097606e-01    -9.777161294554335e-01     6.860881001987870e-02    -8.100169607364045e-01     4.815663765586026e-01     4.239542982249293e-01     1.000000000000000e+00 
