Summary
=======
Mass                          1.452212279642598e+00     5.664514556842149e-03
log_Z                        -1.483425151861680e+00     4.786214052969646e-03
mHe                           1.849274271948780e-01     1.948399153078862e-04
Radius                        4.367532160947171e+00     5.822737224818689e-03
Mass                          1.452212279642598e+00     5.664514556842156e-03
log_g                         3.319614322519805e+00     5.338544026369713e-04
Rho                           2.457359920147371e-02     3.099168919447945e-06
Age                           3.555156254783416e+03     5.515471137924644e+01
Teff                          4.730604781810543e+03     3.127720583686546e+00
X                             6.795578928072594e-01     5.851537479690926e-04
numax                         2.610250493241085e+02     2.747310683479975e-01
Dnu                           1.804239060462968e+01     9.391851345287710e-04
Luminosity                    8.606735499663094e+00     4.165515469197326e-02
Fe_H                          2.981202406576289e-01     3.968286151115686e-03
M_H                           2.981202406576289e-01     3.968286151115686e-03
DNl1                          9.387600793476015e+01     3.539728529443775e-02

Correlation matrix
==================
                          Mass                      log_Z                     mHe                       Radius                    Mass                      log_g                     Rho                       Age                       Teff                      X                         numax                     Dnu                       Luminosity                Fe_H                      M_H                       DNl1                      
Mass                          1.000000000000000e+00    -2.208070971745471e-01     9.932005286965244e-01     9.998357063127764e-01     1.000000000000000e+00     9.992381461919844e-01    -8.221141139671204e-01    -9.817735776615667e-01     6.470990920942324e-01     2.208070971745487e-01     9.644093939663416e-01     2.118955268277151e-01     9.062030224026811e-01    -2.206358129950367e-01    -2.206358129950367e-01    -4.105470823933924e-01 
log_Z                        -2.208070971745471e-01     1.000000000000000e+00    -3.321580828596166e-01    -2.293582777679526e-01    -2.208070971745467e-01    -2.021389472873080e-01     4.527188455118897e-01     4.015677809867924e-01    -8.864449958469333e-01    -9.999999999999966e-01     4.209076169465253e-02     6.920038902793703e-01    -6.124160420242523e-01     9.999720442656509e-01     9.999720442656509e-01     1.140641040063456e-01 
mHe                           9.932005286965244e-01    -3.321580828596166e-01     1.000000000000000e+00     9.941532571732881e-01     9.932005286965260e-01     9.900266957436132e-01    -8.518741387692428e-01    -9.969781987361432e-01     7.308450099428362e-01     3.321580828596181e-01     9.273579602436628e-01     1.178313944186467e-01     9.489756035910898e-01    -3.319857752739936e-01    -3.319857752739936e-01    -4.048666017812553e-01 
Radius                        9.998357063127764e-01    -2.293582777679526e-01     9.941532571732881e-01     1.000000000000000e+00     9.998357063127776e-01     9.983819591428110e-01    -8.322273944364165e-01    -9.833127232672614e-01     6.536846107580906e-01     2.293582777679548e-01     9.613396342986581e-01     1.957910614801147e-01     9.098980280656608e-01    -2.291878240800687e-01    -2.291878240800687e-01    -4.117468875001903e-01 
Mass                          1.000000000000000e+00    -2.208070971745467e-01     9.932005286965260e-01     9.998357063127776e-01     1.000000000000000e+00     9.992381461919848e-01    -8.221141139671220e-01    -9.817735776615695e-01     6.470990920942342e-01     2.208070971745489e-01     9.644093939663424e-01     2.118955268277157e-01     9.062030224026827e-01    -2.206358129950367e-01    -2.206358129950367e-01    -4.105470823933924e-01 
log_g                         9.992381461919844e-01    -2.021389472873080e-01     9.900266957436132e-01     9.983819591428110e-01     9.992381461919848e-01     1.000000000000000e+00    -7.993614061843808e-01    -9.774806491535346e-01     6.322152017036002e-01     2.021389472873099e-01     9.699684555143915e-01     2.467840142619762e-01     8.972351552117414e-01    -2.019640035609526e-01    -2.019640035609526e-01    -4.065655667791482e-01 
Rho                          -8.221141139671204e-01     4.527188455118897e-01    -8.518741387692428e-01    -8.322273944364165e-01    -8.221141139671220e-01    -7.993614061843808e-01     1.000000000000000e+00     8.598541978139242e-01    -7.431069717563046e-01    -4.527188455118924e-01    -7.007278092192639e-01     3.369403123856479e-01    -8.663643243324259e-01     4.526197762593571e-01     4.526197762593571e-01     3.852852541352611e-01 
Age                          -9.817735776615667e-01     4.015677809867924e-01    -9.969781987361432e-01    -9.833127232672614e-01    -9.817735776615695e-01    -9.774806491535346e-01     8.598541978139242e-01     1.000000000000000e+00    -7.797933338852586e-01    -4.015677809867928e-01    -8.973171026395395e-01    -6.513333353841859e-02    -9.697882087367634e-01     4.013928670282541e-01     4.013928670282541e-01     4.056452789676711e-01 
Teff                          6.470990920942324e-01    -8.864449958469333e-01     7.308450099428362e-01     6.536846107580906e-01     6.470990920942342e-01     6.322152017036002e-01    -7.431069717563046e-01    -7.797933338852586e-01     1.000000000000000e+00     8.864449958469360e-01     4.247769517496453e-01    -4.385755076605726e-01     9.087085841139484e-01    -8.863459098117750e-01    -8.863459098117750e-01    -2.870716829606922e-01 
X                             2.208070971745487e-01    -9.999999999999966e-01     3.321580828596181e-01     2.293582777679548e-01     2.208070971745489e-01     2.021389472873099e-01    -4.527188455118924e-01    -4.015677809867928e-01     8.864449958469360e-01     1.000000000000000e+00    -4.209076169465103e-02    -6.920038902793748e-01     6.124160420242496e-01    -9.999720442656532e-01    -9.999720442656532e-01    -1.140641040063430e-01 
numax                         9.644093939663416e-01     4.209076169465253e-02     9.273579602436628e-01     9.613396342986581e-01     9.644093939663424e-01     9.699684555143915e-01    -7.007278092192639e-01    -8.973171026395395e-01     4.247769517496453e-01    -4.209076169465103e-02     1.000000000000000e+00     4.259847158785964e-01     7.630981757109681e-01     4.226284103624565e-02     4.226284103624565e-02    -3.850287507359967e-01 
Dnu                           2.118955268277151e-01     6.920038902793703e-01     1.178313944186467e-01     1.957910614801147e-01     2.118955268277157e-01     2.467840142619762e-01     3.369403123856479e-01    -6.513333353841859e-02    -4.385755076605726e-01    -6.920038902793748e-01     4.259847158785964e-01     1.000000000000000e+00    -1.324605996300180e-01     6.920133050321782e-01     6.920133050321782e-01    -1.004298808782765e-01 
Luminosity                    9.062030224026811e-01    -6.124160420242523e-01     9.489756035910898e-01     9.098980280656608e-01     9.062030224026827e-01     8.972351552117414e-01    -8.663643243324259e-01    -9.697882087367634e-01     9.087085841139484e-01     6.124160420242496e-01     7.630981757109681e-01    -1.324605996300180e-01     1.000000000000000e+00    -6.122772796372158e-01    -6.122772796372158e-01    -3.848672190041892e-01 
Fe_H                         -2.206358129950367e-01     9.999720442656509e-01    -3.319857752739936e-01    -2.291878240800687e-01    -2.206358129950367e-01    -2.019640035609526e-01     4.526197762593571e-01     4.013928670282541e-01    -8.863459098117750e-01    -9.999720442656532e-01     4.226284103624565e-02     6.920133050321782e-01    -6.122772796372158e-01     1.000000000000000e+00     1.000000000000000e+00     1.143141828454331e-01 
M_H                          -2.206358129950367e-01     9.999720442656509e-01    -3.319857752739936e-01    -2.291878240800687e-01    -2.206358129950367e-01    -2.019640035609526e-01     4.526197762593571e-01     4.013928670282541e-01    -8.863459098117750e-01    -9.999720442656532e-01     4.226284103624565e-02     6.920133050321782e-01    -6.122772796372158e-01     1.000000000000000e+00     1.000000000000000e+00     1.143141828454331e-01 
DNl1                         -4.105470823933924e-01     1.140641040063456e-01    -4.048666017812553e-01    -4.117468875001903e-01    -4.105470823933924e-01    -4.065655667791482e-01     3.852852541352611e-01     4.056452789676711e-01    -2.870716829606922e-01    -1.140641040063430e-01    -3.850287507359967e-01    -1.004298808782765e-01    -3.848672190041892e-01     1.143141828454331e-01     1.143141828454331e-01     1.000000000000000e+00 
