Summary
=======
Mass                          1.452063468067531e+00     5.599820158524357e-03
log_Z                        -1.483811006413555e+00     4.774178119557381e-03
mHe                           1.849244453918249e-01     1.946292346216484e-04
Radius                        4.367382481832577e+00     5.765743949371478e-03
Mass                          1.452063468067531e+00     5.599820158524374e-03
log_g                         3.319599642660811e+00     5.264665317448212e-04
Rho                           2.457361033786255e-02     3.184065388603043e-06
Age                           3.555674767702450e+03     5.560031250250862e+01
Teff                          4.730762641424285e+03     3.216441389772482e+00
X                             6.796050666767708e-01     5.836822568346535e-04
numax                         2.610118624024706e+02     2.643233764162615e-01
Dnu                           1.804232806905316e+01     8.950007183648410e-04
Luminosity                    8.607298928215849e+00     4.260291006043138e-02
Fe_H                          2.978029163955947e-01     3.953039974943061e-03
M_H                           2.978029163955947e-01     3.953039974943061e-03
DNl1                          9.387697888679246e+01     3.517653089238820e-02

Correlation matrix
==================
                          Mass                      log_Z                     mHe                       Radius                    Mass                      log_g                     Rho                       Age                       Teff                      X                         numax                     Dnu                       Luminosity                Fe_H                      M_H                       DNl1                      
Mass                          1.000000000000000e+00    -3.124868288487316e-01     9.935981790028336e-01     9.998284666453214e-01     1.000000000000000e+00     9.992292588223762e-01    -8.324171148054150e-01    -9.829980861018720e-01     6.934428100060119e-01     3.124868288487320e-01     9.638882953604893e-01     1.303478812132852e-01     9.158709066389894e-01    -3.122782129521401e-01    -3.122782129521401e-01    -4.086965300010400e-01 
log_Z                        -3.124868288487316e-01     1.000000000000000e+00    -4.171464876400612e-01    -3.203386358418357e-01    -3.124868288487315e-01    -2.954051114212207e-01     4.986810632000597e-01     4.808941162265469e-01    -9.010969693944925e-01    -1.000000000000000e+00    -5.132179485704625e-02     6.715704390265379e-01    -6.674772311168710e-01     9.999834649628867e-01     9.999834649628867e-01     1.869118072470000e-01 
mHe                           9.935981790028336e-01    -4.171464876400612e-01     1.000000000000000e+00     9.944514833194610e-01     9.935981790028336e-01     9.906390222882219e-01    -8.580812807689182e-01    -9.972052895039827e-01     7.698396246705034e-01     4.171464876400614e-01     9.279605580782850e-01     4.052471484374923e-02     9.550893944702846e-01    -4.169420415378962e-01    -4.169420415378962e-01    -4.075432400855055e-01 
Radius                        9.998284666453214e-01    -3.203386358418357e-01     9.944514833194610e-01     1.000000000000000e+00     9.998284666453214e-01     9.983484732415906e-01    -8.424603435682692e-01    -9.844118371934516e-01     6.993079622295162e-01     3.203386358418365e-01     9.608613885781124e-01     1.137775622349471e-01     9.191824982821190e-01    -3.201308328946139e-01    -3.201308328946139e-01    -4.113903075428513e-01 
Mass                          1.000000000000000e+00    -3.124868288487315e-01     9.935981790028336e-01     9.998284666453214e-01     1.000000000000000e+00     9.992292588223761e-01    -8.324171148054149e-01    -9.829980861018717e-01     6.934428100060128e-01     3.124868288487321e-01     9.638882953604886e-01     1.303478812132850e-01     9.158709066389888e-01    -3.122782129521403e-01    -3.122782129521403e-01    -4.086965300010399e-01 
log_g                         9.992292588223762e-01    -2.954051114212207e-01     9.906390222882219e-01     9.983484732415906e-01     9.992292588223761e-01     1.000000000000000e+00    -8.101268527857750e-01    -9.790085853551995e-01     6.801867242712241e-01     2.954051114212208e-01     9.692593397481956e-01     1.658582163883356e-01     9.077767513270026e-01    -2.951898100883679e-01    -2.951898100883679e-01    -4.022893376489586e-01 
Rho                          -8.324171148054150e-01     4.986810632000597e-01    -8.580812807689182e-01    -8.424603435682692e-01    -8.324171148054149e-01    -8.101268527857750e-01     1.000000000000000e+00     8.649169389928159e-01    -7.576078848164862e-01    -4.986810632000593e-01    -7.158533966541699e-01     3.938267309650323e-01    -8.670540159288832e-01     4.985715093570487e-01     4.985715093570487e-01     4.252669425666233e-01 
Age                          -9.829980861018720e-01     4.808941162265469e-01    -9.972052895039827e-01    -9.844118371934516e-01    -9.829980861018717e-01    -9.790085853551995e-01     8.649169389928159e-01     1.000000000000000e+00    -8.134634073047622e-01    -4.808941162265473e-01    -8.993732587628680e-01     9.138620870000050e-03    -9.737142981418584e-01     4.806866721401251e-01     4.806866721401251e-01     4.128531808209674e-01 
Teff                          6.934428100060119e-01    -9.010969693944925e-01     7.698396246705034e-01     6.993079622295162e-01     6.934428100060128e-01     6.801867242712241e-01    -7.576078848164862e-01    -8.134634073047622e-01     1.000000000000000e+00     9.010969693944911e-01     4.789210779287236e-01    -4.483884562111459e-01     9.243002445690444e-01    -9.009903115774125e-01    -9.009903115774125e-01    -3.314420908747767e-01 
X                             3.124868288487320e-01    -1.000000000000000e+00     4.171464876400614e-01     3.203386358418365e-01     3.124868288487321e-01     2.954051114212208e-01    -4.986810632000593e-01    -4.808941162265473e-01     9.010969693944911e-01     1.000000000000000e+00     5.132179485704677e-02    -6.715704390265360e-01     6.674772311168703e-01    -9.999834649628855e-01    -9.999834649628855e-01    -1.869118072470001e-01 
numax                         9.638882953604893e-01    -5.132179485704625e-02     9.279605580782850e-01     9.608613885781124e-01     9.638882953604886e-01     9.692593397481956e-01    -7.158533966541699e-01    -8.993732587628680e-01     4.789210779287236e-01     5.132179485704677e-02     1.000000000000000e+00     3.491174467839814e-01     7.768831310271496e-01    -5.110079734470876e-02    -5.110079734470876e-02    -3.705246084774864e-01 
Dnu                           1.303478812132852e-01     6.715704390265379e-01     4.052471484374923e-02     1.137775622349471e-01     1.303478812132850e-01     1.658582163883356e-01     3.938267309650323e-01     9.138620870000050e-03    -4.483884562111459e-01    -6.715704390265360e-01     3.491174467839814e-01     1.000000000000000e+00    -1.862016740771417e-01     6.716812564023703e-01     6.716812564023703e-01    -3.876313525274018e-03 
Luminosity                    9.158709066389894e-01    -6.674772311168710e-01     9.550893944702846e-01     9.191824982821190e-01     9.158709066389888e-01     9.077767513270026e-01    -8.670540159288832e-01    -9.737142981418584e-01     9.243002445690444e-01     6.674772311168703e-01     7.768831310271496e-01    -1.862016740771417e-01     1.000000000000000e+00    -6.673154640052578e-01    -6.673154640052578e-01    -4.023825224516343e-01 
Fe_H                         -3.122782129521401e-01     9.999834649628867e-01    -4.169420415378962e-01    -3.201308328946139e-01    -3.122782129521403e-01    -2.951898100883679e-01     4.985715093570487e-01     4.806866721401251e-01    -9.009903115774125e-01    -9.999834649628855e-01    -5.110079734470876e-02     6.716812564023703e-01    -6.673154640052578e-01     1.000000000000000e+00     1.000000000000000e+00     1.870054268072856e-01 
M_H                          -3.122782129521401e-01     9.999834649628867e-01    -4.169420415378962e-01    -3.201308328946139e-01    -3.122782129521403e-01    -2.951898100883679e-01     4.985715093570487e-01     4.806866721401251e-01    -9.009903115774125e-01    -9.999834649628855e-01    -5.110079734470876e-02     6.716812564023703e-01    -6.673154640052578e-01     1.000000000000000e+00     1.000000000000000e+00     1.870054268072856e-01 
DNl1                         -4.086965300010400e-01     1.869118072470000e-01    -4.075432400855055e-01    -4.113903075428513e-01    -4.086965300010399e-01    -4.022893376489586e-01     4.252669425666233e-01     4.128531808209674e-01    -3.314420908747767e-01    -1.869118072470001e-01    -3.705246084774864e-01    -3.876313525274018e-03    -4.023825224516343e-01     1.870054268072856e-01     1.870054268072856e-01     1.000000000000000e+00 
