Summary
=======
Mass                          1.070492370101661e+00     2.151770869838214e-03
log_Z                        -1.756101286585091e+00     9.908346481128830e-03
mHe                           1.939828511978743e-01     1.246804962399291e-04
Radius                        5.273436320833912e+00     3.787791261756987e-03
Mass                          1.070492370101661e+00     2.151770869838223e-03
log_g                         3.023454475938384e+00     2.497490304717676e-04
Rho                           1.029084550303351e-02     1.653315965924487e-06
Age                           9.632812066135457e+03     1.432239186172309e+02
Teff                          4.663270629356869e+03     5.734391512714835e+00
X                             7.127139516927639e-01     1.011750892874531e-03
numax                         1.329337536606648e+02     4.827182884423445e-02
Dnu                           1.114679316938432e+01     7.016881378632194e-04
Luminosity                    1.184819947003170e+01     7.351415655253367e-02
Fe_H                          5.923138191752574e-03     1.183884056123605e-02
M_H                           5.923138191752574e-03     1.183884056123605e-02
DNl1                          8.640924442385963e+01     4.284018809882772e-02

Correlation matrix
==================
                          Mass                      log_Z                     mHe                       Radius                    Mass                      log_g                     Rho                       Age                       Teff                      X                         numax                     Dnu                       Luminosity                Fe_H                      M_H                       DNl1                      
Mass                          1.000000000000000e+00    -8.087850061179651e-01     9.231709401932816e-01     9.994531263790664e-01     9.999999999999994e-01     9.967636040505286e-01    -8.994901447571041e-01    -9.432902571128832e-01     8.538907117258446e-01     7.578561590253722e-01     1.327137137499223e-01    -2.444093631575704e-01     9.088025620645961e-01    -7.605323487463751e-01    -7.605323487463751e-01    -8.740381738939781e-01 
log_Z                        -8.087850061179651e-01     1.000000000000000e+00    -9.708736578982764e-01    -8.247593607813487e-01    -8.087850061179648e-01    -7.659681651728145e-01     9.453573311809755e-01     9.574651931396434e-01    -9.963125417080438e-01    -9.838979966750517e-01     4.744614425026732e-01    -2.886839114511769e-01    -9.800258983133160e-01     9.855071902486445e-01     9.855071902486445e-01     9.890319248618333e-01 
mHe                           9.231709401932816e-01    -9.708736578982764e-01     1.000000000000000e+00     9.328698407686226e-01     9.231709401932813e-01     8.950960716512039e-01    -9.660904247205826e-01    -9.958921050528202e-01     9.871507000068017e-01     9.341415639650357e-01    -2.542086484555822e-01     1.005355429023908e-01     9.983939400793936e-01    -9.366696055673808e-01    -9.366696055673808e-01    -9.894309023625143e-01 
Radius                        9.994531263790664e-01    -8.247593607813487e-01     9.328698407686226e-01     1.000000000000000e+00     9.994531263790664e-01     9.935644441252282e-01    -9.134400730926027e-01    -9.523067054610037e-01     8.676994875821534e-01     7.767735699734624e-01     1.042235925537613e-01    -2.261452424711702e-01     9.197788547116906e-01    -7.793303821564360e-01    -7.793303821564360e-01    -8.874198997485304e-01 
Mass                          9.999999999999994e-01    -8.087850061179648e-01     9.231709401932813e-01     9.994531263790664e-01     1.000000000000000e+00     9.967636040505292e-01    -8.994901447571042e-01    -9.432902571128818e-01     8.538907117258457e-01     7.578561590253730e-01     1.327137137499226e-01    -2.444093631575705e-01     9.088025620645965e-01    -7.605323487463759e-01    -7.605323487463759e-01    -8.740381738939785e-01 
log_g                         9.967636040505286e-01    -7.659681651728145e-01     8.950960716512039e-01     9.935644441252282e-01     9.967636040505292e-01     1.000000000000000e+00    -8.614656473616290e-01    -9.169912674431323e-01     8.160944423045339e-01     7.085556040521365e-01     2.019333160610054e-01    -2.877230618769449e-01     8.776931173245698e-01    -7.114715162492135e-01    -7.114715162492135e-01    -8.374543889606354e-01 
Rho                          -8.994901447571041e-01     9.453573311809755e-01    -9.660904247205826e-01    -9.134400730926027e-01    -8.994901447571042e-01    -8.614656473616290e-01     1.000000000000000e+00     9.747028377205765e-01    -9.577391619580953e-01    -9.368051838192557e-01     2.579335559934670e-01    -1.992694718961296e-02    -9.699343501865014e-01     9.377641604658273e-01     9.377641604658273e-01     9.695833931641084e-01 
Age                          -9.432902571128832e-01     9.574651931396434e-01    -9.958921050528202e-01    -9.523067054610037e-01    -9.432902571128818e-01    -9.169912674431323e-01     9.747028377205765e-01     1.000000000000000e+00    -9.767564117404050e-01    -9.280669566359006e-01     2.020013350557880e-01    -4.235816562500107e-02    -9.944964430688314e-01     9.300068721462083e-01     9.300068721462083e-01     9.845819413324148e-01 
Teff                          8.538907117258446e-01    -9.963125417080438e-01     9.871507000068017e-01     8.676994875821534e-01     8.538907117258457e-01     8.160944423045339e-01    -9.577391619580953e-01    -9.767564117404050e-01     1.000000000000000e+00     9.708283545623371e-01    -4.012151660051357e-01     2.177294214793731e-01     9.931526814429483e-01    -9.728592865452568e-01    -9.728592865452568e-01    -9.939173067754651e-01 
X                             7.578561590253722e-01    -9.838979966750517e-01     9.341415639650357e-01     7.767735699734624e-01     7.578561590253730e-01     7.085556040521365e-01    -9.368051838192557e-01    -9.280669566359006e-01     9.708283545623371e-01     1.000000000000000e+00    -5.225690944133543e-01     3.401966711430330e-01     9.479113032167031e-01    -9.998656041104457e-01    -9.998656041104457e-01    -9.744294473177395e-01 
numax                         1.327137137499223e-01     4.744614425026732e-01    -2.542086484555822e-01     1.042235925537613e-01     1.327137137499226e-01     2.019333160610054e-01     2.579335559934670e-01     2.020013350557880e-01    -4.012151660051357e-01    -5.225690944133543e-01     1.000000000000000e+00    -8.251787226892731e-01    -2.919824571243037e-01     5.213623283581039e-01     5.213623283581039e-01     3.572090393277529e-01 
Dnu                          -2.444093631575704e-01    -2.886839114511769e-01     1.005355429023908e-01    -2.261452424711702e-01    -2.444093631575705e-01    -2.877230618769449e-01    -1.992694718961296e-02    -4.235816562500107e-02     2.177294214793731e-01     3.401966711430330e-01    -8.251787226892731e-01     1.000000000000000e+00     1.182782433839844e-01    -3.382562368845931e-01    -3.382562368845931e-01    -2.046404332345326e-01 
Luminosity                    9.088025620645961e-01    -9.800258983133160e-01     9.983939400793936e-01     9.197788547116906e-01     9.088025620645965e-01     8.776931173245698e-01    -9.699343501865014e-01    -9.944964430688314e-01     9.931526814429483e-01     9.479113032167031e-01    -2.919824571243037e-01     1.182782433839844e-01     1.000000000000000e+00    -9.501765298983122e-01    -9.501765298983122e-01    -9.926227917397973e-01 
Fe_H                         -7.605323487463751e-01     9.855071902486445e-01    -9.366696055673808e-01    -7.793303821564360e-01    -7.605323487463759e-01    -7.114715162492135e-01     9.377641604658273e-01     9.300068721462083e-01    -9.728592865452568e-01    -9.998656041104457e-01     5.213623283581039e-01    -3.382562368845931e-01    -9.501765298983122e-01     1.000000000000000e+00     1.000000000000000e+00     9.758416579098113e-01 
M_H                          -7.605323487463751e-01     9.855071902486445e-01    -9.366696055673808e-01    -7.793303821564360e-01    -7.605323487463759e-01    -7.114715162492135e-01     9.377641604658273e-01     9.300068721462083e-01    -9.728592865452568e-01    -9.998656041104457e-01     5.213623283581039e-01    -3.382562368845931e-01    -9.501765298983122e-01     1.000000000000000e+00     1.000000000000000e+00     9.758416579098113e-01 
DNl1                         -8.740381738939781e-01     9.890319248618333e-01    -9.894309023625143e-01    -8.874198997485304e-01    -8.740381738939785e-01    -8.374543889606354e-01     9.695833931641084e-01     9.845819413324148e-01    -9.939173067754651e-01    -9.744294473177395e-01     3.572090393277529e-01    -2.046404332345326e-01    -9.926227917397973e-01     9.758416579098113e-01     9.758416579098113e-01     1.000000000000000e+00 
