Summary
=======
Mass                          1.009858858176183e+00     8.414939925709076e-04
log_Z                        -1.617998468609921e+00     6.495164228390032e-03
Age                           4.586643607135212e+03     2.156886838403234e+01
A3_surf                       6.864946505142291e-16     8.015542086205681e-18
Am1_surf                     -2.207742695943700e-09     1.687746723013729e-11
Radius                        1.003761173387314e+00     3.104905143140174e-04
Mass                          1.009897159577201e+00     8.415259083169625e-04
log_g                         4.439075220541538e+00     9.895137046601721e-05
Rho                           1.407780752708071e+00     1.875341899525409e-04
Age                           4.586643607135210e+03     2.156886838403235e+01
Teff                          5.703022060894056e+03     5.603846592914402e+00
X                             6.951104650289744e-01     8.386855822467885e-04
numax                         3.130032118173375e+03     1.958279286120634e+00
Dnu                           1.372517160164977e+02     3.917358633904477e-03
Luminosity                    9.602254801858240e-01     3.349391116423310e-03
Fe_H                          1.549629546444450e-01     6.985387949667552e-03
M_H                           1.549629546444450e-01     6.985387949667552e-03

Correlation matrix
==================
                          Mass                      log_Z                     Age                       A3_surf                   Am1_surf                  Radius                    Mass                      log_g                     Rho                       Age                       Teff                      X                         numax                     Dnu                       Luminosity                Fe_H                      M_H                       
Mass                          1.000000000000000e+00     8.159842764354628e-01    -4.408791739837152e-01    -5.310884719165263e-01     5.422334507054845e-01     9.943244934933522e-01     1.000000000000002e+00     9.573739080253530e-01    -6.714023392475980e-01    -4.408791739837160e-01    -6.774369010568925e-01    -8.159842764354572e-01     8.806366452955664e-01    -6.277883218368837e-01    -5.861455566785515e-01     8.159516667983467e-01     8.159516667983467e-01 
log_Z                         8.159842764354628e-01     1.000000000000000e+00     1.590404582904858e-01    -6.640787919430360e-01     6.944508084551287e-01     8.722191905558417e-01     8.159842764354596e-01     6.159427770771302e-01    -9.718457427147027e-01     1.590404582904842e-01    -9.779960376172795e-01    -1.000000000000001e+00     9.923207638484239e-01    -9.389402559386434e-01    -9.466382198622386e-01     9.999531747390129e-01     9.999531747390129e-01 
Age                          -4.408791739837152e-01     1.590404582904858e-01     1.000000000000000e+00    -1.279700365450201e-01     1.564353782649262e-01    -3.437962837260662e-01    -4.408791739837156e-01    -6.789037588422383e-01    -3.628656449615986e-01     1.000000000000002e+00    -3.614989026949736e-01    -1.590404582904826e-01     3.664730868024660e-02    -3.871918181431065e-01    -4.686901368621545e-01     1.589419059987244e-01     1.589419059987244e-01 
A3_surf                      -5.310884719165263e-01    -6.640787919430360e-01    -1.279700365450201e-01     1.000000000000000e+00    -9.811902711598062e-01    -5.793380709533271e-01    -5.310884719165290e-01    -3.692681871721844e-01     7.136694034625104e-01    -1.279700365450203e-01     6.529983538788710e-01     6.640787919430327e-01    -6.472630516962909e-01     7.780094680326104e-01     6.326319902945923e-01    -6.641162903092392e-01    -6.641162903092392e-01 
Am1_surf                      5.422334507054845e-01     6.944508084551287e-01     1.564353782649262e-01    -9.811902711598062e-01     1.000000000000000e+00     5.949496076970121e-01     5.422334507054833e-01     3.676340326848667e-01    -7.527128599468014e-01     1.564353782649256e-01    -6.876078822452515e-01    -6.944508084551342e-01     6.738518280843920e-01    -8.228418898138773e-01    -6.688423750638313e-01     6.944332856033697e-01     6.944332856033697e-01 
Radius                        9.943244934933522e-01     8.722191905558417e-01    -3.437962837260662e-01    -5.793380709533271e-01     5.949496076970121e-01     1.000000000000000e+00     9.943244934933515e-01     9.212099037188445e-01    -7.464362424670714e-01    -3.437962837260655e-01    -7.510308099897290e-01    -8.722191905558409e-01     9.252581925020563e-01    -7.057059520232941e-01    -6.680726335120654e-01     8.721911247217683e-01     8.721911247217683e-01 
Mass                          1.000000000000002e+00     8.159842764354596e-01    -4.408791739837156e-01    -5.310884719165290e-01     5.422334507054833e-01     9.943244934933515e-01     1.000000000000000e+00     9.573739080253499e-01    -6.714023392476021e-01    -4.408791739837149e-01    -6.774369010568934e-01    -8.159842764354560e-01     8.806366452955684e-01    -6.277883218368837e-01    -5.861455566785533e-01     8.159516667983456e-01     8.159516667983456e-01 
log_g                         9.573739080253530e-01     6.159427770771302e-01    -6.789037588422383e-01    -3.692681871721844e-01     3.676340326848667e-01     9.212099037188445e-01     9.573739080253499e-01     1.000000000000000e+00    -4.287179161449456e-01    -6.789037588422395e-01    -4.383009653259919e-01    -6.159427770771276e-01     7.083707327013982e-01    -3.798062952830266e-01    -3.296823762009432e-01     6.159090625474679e-01     6.159090625474679e-01 
Rho                          -6.714023392475980e-01    -9.718457427147027e-01    -3.628656449615986e-01     7.136694034625104e-01    -7.527128599468014e-01    -7.464362424670714e-01    -6.714023392476021e-01    -4.287179161449456e-01     1.000000000000000e+00    -3.628656449615997e-01     9.942740350191099e-01     9.718457427146980e-01    -9.369163711028153e-01     9.890801511920906e-01     9.874202433002580e-01    -9.718428001785572e-01    -9.718428001785572e-01 
Age                          -4.408791739837160e-01     1.590404582904842e-01     1.000000000000002e+00    -1.279700365450203e-01     1.564353782649256e-01    -3.437962837260655e-01    -4.408791739837149e-01    -6.789037588422395e-01    -3.628656449615997e-01     1.000000000000000e+00    -3.614989026949739e-01    -1.590404582904834e-01     3.664730868024620e-02    -3.871918181431074e-01    -4.686901368621562e-01     1.589419059987244e-01     1.589419059987244e-01 
Teff                         -6.774369010568925e-01    -9.779960376172795e-01    -3.614989026949736e-01     6.529983538788710e-01    -6.876078822452515e-01    -7.510308099897290e-01    -6.774369010568934e-01    -4.383009653259919e-01     9.942740350191099e-01    -3.614989026949739e-01     1.000000000000000e+00     9.779960376172724e-01    -9.449084423582413e-01     9.680606681276656e-01     9.930439230529240e-01    -9.779342925264622e-01    -9.779342925264622e-01 
X                            -8.159842764354572e-01    -1.000000000000001e+00    -1.590404582904826e-01     6.640787919430327e-01    -6.944508084551342e-01    -8.722191905558409e-01    -8.159842764354560e-01    -6.159427770771276e-01     9.718457427146980e-01    -1.590404582904834e-01     9.779960376172724e-01     1.000000000000000e+00    -9.923207638484124e-01     9.389402559386397e-01     9.466382198622348e-01    -9.999531747390091e-01    -9.999531747390091e-01 
numax                         8.806366452955664e-01     9.923207638484239e-01     3.664730868024660e-02    -6.472630516962909e-01     6.738518280843920e-01     9.252581925020563e-01     8.806366452955684e-01     7.083707327013982e-01    -9.369163711028153e-01     3.664730868024620e-02    -9.449084423582413e-01    -9.923207638484124e-01     1.000000000000000e+00    -8.985170931972200e-01    -8.998882274732493e-01     9.922507174124644e-01     9.922507174124644e-01 
Dnu                          -6.277883218368837e-01    -9.389402559386434e-01    -3.871918181431065e-01     7.780094680326104e-01    -8.228418898138773e-01    -7.057059520232941e-01    -6.277883218368837e-01    -3.798062952830266e-01     9.890801511920906e-01    -3.871918181431074e-01     9.680606681276656e-01     9.389402559386397e-01    -8.985170931972200e-01     1.000000000000000e+00     9.651474662025491e-01    -9.389553872512874e-01    -9.389553872512874e-01 
Luminosity                   -5.861455566785515e-01    -9.466382198622386e-01    -4.686901368621545e-01     6.326319902945923e-01    -6.688423750638313e-01    -6.680726335120654e-01    -5.861455566785533e-01    -3.296823762009432e-01     9.874202433002580e-01    -4.686901368621562e-01     9.930439230529240e-01     9.466382198622348e-01    -8.998882274732493e-01     9.651474662025491e-01     1.000000000000000e+00    -9.465890948987593e-01    -9.465890948987593e-01 
Fe_H                          8.159516667983467e-01     9.999531747390129e-01     1.589419059987244e-01    -6.641162903092392e-01     6.944332856033697e-01     8.721911247217683e-01     8.159516667983456e-01     6.159090625474679e-01    -9.718428001785572e-01     1.589419059987244e-01    -9.779342925264622e-01    -9.999531747390091e-01     9.922507174124644e-01    -9.389553872512874e-01    -9.465890948987593e-01     1.000000000000000e+00     1.000000000000000e+00 
M_H                           8.159516667983467e-01     9.999531747390129e-01     1.589419059987244e-01    -6.641162903092392e-01     6.944332856033697e-01     8.721911247217683e-01     8.159516667983456e-01     6.159090625474679e-01    -9.718428001785572e-01     1.589419059987244e-01    -9.779342925264622e-01    -9.999531747390091e-01     9.922507174124644e-01    -9.389553872512874e-01    -9.465890948987593e-01     1.000000000000000e+00     1.000000000000000e+00 
