Summary
=======
Mass                          1.406802645495711e+00     6.460884890457640e-03
log_Z                        -2.021361067214648e+00     2.152671487194445e-02
mHe                           1.687924348888574e-01     6.696774669622384e-04
A3_surf                       4.708772705714144e-11     1.824743625547183e-12
Am1_surf                     -4.383276465694131e-06     9.751083307744971e-08
Radius                        9.714317103034583e+00     1.665155524899934e-02
Mass                          1.406802645495711e+00     6.460884890457661e-03
log_g                         2.611472968944503e+00     6.731685322059267e-04
Rho                           2.163514092480847e-03     3.006204228885917e-06
Age                           2.854729153734237e+03     6.411454946014484e+01
Teff                          4.725916712491807e+03     1.176147380795324e+01
Xc                            4.839195129796102e-34     1.044431029028785e-35
Luminosity                    4.241123549299914e+01     4.564281963273397e-01
Dnu                           4.963980954639780e+00     3.458234921994464e-03
numax                         5.090880427871240e+01     9.451775983929557e-02
Fe_H                         -2.697781582144922e-01     2.273624448861665e-02

Correlation matrix
==================
                          Mass                      log_Z                     mHe                       A3_surf                   Am1_surf                  Radius                    Mass                      log_g                     Rho                       Age                       Teff                      Xc                        Luminosity                Dnu                       numax                     Fe_H                      
Mass                          1.000000000000000e+00    -6.561941099888354e-03    -9.247236285690343e-01     4.645592401317364e-02    -1.599752001141305e-01     9.656851595550926e-01     1.000000000000000e+00     8.186068982146461e-01    -2.763584194236068e-01    -6.842561698865710e-01     1.126092090868517e-01     8.240269792404735e-01     4.119264633182222e-01     4.344225340300868e-02     6.084814202897765e-01    -5.984405989800392e-03 
log_Z                        -6.561941099888354e-03     1.000000000000000e+00    -3.733282026922516e-01    -1.995651383915577e-01     2.084269411664881e-01     8.288380988206976e-03    -6.561941099888361e-03    -3.761328220464392e-02    -5.219667424004005e-02     7.333616884812754e-01    -9.942284517597599e-01     5.449140680685209e-01    -9.113369398751675e-01     1.440713954594627e-02     6.368119110347898e-01     9.996393243121623e-01 
mHe                          -9.247236285690343e-01    -3.733282026922516e-01     1.000000000000000e+00     6.585051424111281e-03     9.683972823688468e-02    -8.907910897276079e-01    -9.247236285690342e-01    -7.619456581082320e-01     2.473191170927189e-01     3.563082585557585e-01     2.723267585614131e-01    -9.700005218183223e-01    -3.414237082057348e-02    -7.566409916139846e-02    -8.198337343192156e-01    -3.737048740926546e-01 
A3_surf                       4.645592401317364e-02    -1.995651383915577e-01     6.585051424111281e-03     1.000000000000000e+00    -9.716959751938340e-01    -1.833805053032480e-01     4.645592401317354e-02     5.428410543040469e-01     8.318271006618392e-01    -1.777508604441864e-01     2.170204335129544e-01    -7.198904871787506e-02     1.411544075971353e-01     8.672323366955360e-01     3.073750820306838e-01    -1.991617452315322e-01 
Am1_surf                     -1.599752001141305e-01     2.084269411664881e-01     9.683972823688468e-02    -9.716959751938340e-01     1.000000000000000e+00     8.712460223014802e-02    -1.599752001141305e-01    -6.653205156469454e-01    -8.499098525493283e-01     2.613339747385867e-01    -2.386812888345382e-01    -1.731900755439238e-02    -1.918522975961994e-01    -9.230884166786745e-01    -3.951648285992210e-01     2.080317679069675e-01 
Radius                        9.656851595550926e-01     8.288380988206976e-03    -8.907910897276079e-01    -1.833805053032480e-01     8.712460223014802e-02     1.000000000000000e+00     9.656851595550928e-01     6.413654058716786e-01    -5.164668063743457e-01    -6.499761208471314e-01     9.009654340983721e-02     8.033489917894324e-01     4.021042333339024e-01    -2.168503453144087e-01     4.756087257988845e-01     8.782652285931449e-03 
Mass                          1.000000000000000e+00    -6.561941099888361e-03    -9.247236285690342e-01     4.645592401317354e-02    -1.599752001141305e-01     9.656851595550928e-01     1.000000000000000e+00     8.186068982146461e-01    -2.763584194236068e-01    -6.842561698865712e-01     1.126092090868518e-01     8.240269792404732e-01     4.119264633182224e-01     4.344225340300865e-02     6.084814202897764e-01    -5.984405989800387e-03 
log_g                         8.186068982146461e-01    -3.761328220464392e-02    -7.619456581082320e-01     5.428410543040469e-01    -6.653205156469454e-01     6.413654058716786e-01     8.186068982146461e-01     1.000000000000000e+00     3.257430966049725e-01    -5.840717430742353e-01     1.333330473830487e-01     6.566684680783770e-01     3.275713575188354e-01     6.079197701951298e-01     7.458635941889894e-01    -3.700038166800641e-02 
Rho                          -2.763584194236068e-01    -5.219667424004005e-02     2.473191170927189e-01     8.318271006618392e-01    -8.499098525493283e-01    -5.164668063743457e-01    -2.763584194236068e-01     3.257430966049725e-01     1.000000000000000e+00     1.491003723250583e-01     3.778844652488959e-02    -2.568183022701919e-01    -1.299039378034034e-01     9.457194325485382e-01     2.463637625770492e-01    -5.212170862497864e-02 
Age                          -6.842561698865710e-01     7.333616884812754e-01     3.563082585557585e-01    -1.777508604441864e-01     2.613339747385867e-01    -6.499761208471314e-01    -6.842561698865712e-01    -5.840717430742353e-01     1.491003723250583e-01     1.000000000000000e+00    -8.012413812661320e-01    -1.603175415748392e-01    -9.440321073434165e-01    -1.965523584697412e-02     5.040126240155222e-02     7.326649054695924e-01 
Teff                          1.126092090868517e-01    -9.942284517597599e-01     2.723267585614131e-01     2.170204335129544e-01    -2.386812888345382e-01     9.009654340983721e-02     1.126092090868518e-01     1.333330473830487e-01     3.778844652488959e-02    -8.012413812661320e-01     1.000000000000000e+00    -4.541233255006654e-01     9.480666808356965e-01     6.172850875377453e-03    -5.606986948293980e-01    -9.938070718623464e-01 
Xc                            8.240269792404735e-01     5.449140680685209e-01    -9.700005218183223e-01    -7.198904871787506e-02    -1.731900755439238e-02     8.033489917894324e-01     8.240269792404732e-01     6.566684680783770e-01    -2.568183022701919e-01    -1.603175415748392e-01    -4.541233255006654e-01     1.000000000000000e+00    -1.605008490663866e-01     4.442485851752317e-02     8.541357832944936e-01     5.451693490254299e-01 
Luminosity                    4.119264633182222e-01    -9.113369398751675e-01    -3.414237082057348e-02     1.411544075971353e-01    -1.918522975961994e-01     4.021042333339024e-01     4.119264633182224e-01     3.275713575188354e-01    -1.299039378034034e-01    -9.440321073434165e-01     9.480666808356965e-01    -1.605008490663866e-01     1.000000000000000e+00    -6.324837943443738e-02    -3.633989226139572e-01    -9.109275412010404e-01 
Dnu                           4.344225340300868e-02     1.440713954594627e-02    -7.566409916139846e-02     8.672323366955360e-01    -9.230884166786745e-01    -2.168503453144087e-01     4.344225340300865e-02     6.079197701951298e-01     9.457194325485382e-01    -1.965523584697412e-02     6.172850875377453e-03     4.442485851752317e-02    -6.324837943443738e-02     1.000000000000000e+00     5.034352846430481e-01     1.460110813688199e-02 
numax                         6.084814202897765e-01     6.368119110347898e-01    -8.198337343192156e-01     3.073750820306838e-01    -3.951648285992210e-01     4.756087257988845e-01     6.084814202897764e-01     7.458635941889894e-01     2.463637625770492e-01     5.040126240155222e-02    -5.606986948293980e-01     8.541357832944936e-01    -3.633989226139572e-01     5.034352846430481e-01     1.000000000000000e+00     6.369959444581421e-01 
Fe_H                         -5.984405989800392e-03     9.996393243121623e-01    -3.737048740926546e-01    -1.991617452315322e-01     2.080317679069675e-01     8.782652285931449e-03    -5.984405989800387e-03    -3.700038166800641e-02    -5.212170862497864e-02     7.326649054695924e-01    -9.938070718623464e-01     5.451693490254299e-01    -9.109275412010404e-01     1.460110813688199e-02     6.369959444581421e-01     1.000000000000000e+00 
