Summary
=======
Mass                          1.070478445283655e+00     1.460181358526843e-03
log_Z                        -1.758954603599175e+00     5.721286140265439e-03
Age                           9.609202931960184e+03     8.131954100876244e+01
Radius                        5.273478213299575e+00     2.536104090868678e-03
Mass                          1.070478445283655e+00     1.460181358526847e-03
log_g                         3.023442275908598e+00     1.752010862558601e-04
Rho                           1.029047312061785e-02     9.623367682157205e-07
Age                           9.609202931960186e+03     8.131954100876254e+01
Teff                          4.664713975897178e+03     3.368801087332304e+00
X                             7.130595131771748e-01     4.957446435811805e-04
numax                         1.329094184930373e+02     4.571506595549938e-02
Dnu                           1.114698922289872e+01     4.717405911122677e-04
Luminosity                    1.186293882380580e+01     4.282845181048867e-02
Fe_H                          1.876888060345861e-03     5.884660062084925e-03
M_H                           1.876888060345861e-03     5.884660062084925e-03
DNl1                          8.640041846362253e+01     2.031779227855120e-02

Correlation matrix
==================
                          Mass                      log_Z                     Age                       Radius                    Mass                      log_g                     Rho                       Age                       Teff                      X                         numax                     Dnu                       Luminosity                Fe_H                      M_H                       DNl1                      
Mass                          1.000000000000000e+00    -5.461486617117379e-01    -8.884528550480935e-01     9.993786267022046e-01     9.999999999999996e-01     9.964648598396167e-01    -8.393100848769696e-01    -8.884528550480946e-01     6.509014498095199e-01     4.751887024121449e-01     4.857347561325170e-01    -7.274239408367960e-01     7.886874015384724e-01    -4.751003964511165e-01    -4.751003964511165e-01    -7.504916174751683e-01 
log_Z                        -5.461486617117379e-01     1.000000000000000e+00     8.688762720647122e-01    -5.681740867288868e-01    -5.461486617117380e-01    -4.904251156872019e-01     8.051292044044168e-01     8.688762720647117e-01    -9.911772968521566e-01    -9.791254252588117e-01     4.652097515606450e-01     2.016868450058865e-01    -9.455355003220133e-01     9.791881883846354e-01     9.791881883846354e-01     9.621809332026573e-01 
Age                          -8.884528550480935e-01     8.688762720647122e-01     1.000000000000000e+00    -9.004373522486581e-01    -8.884528550480947e-01    -8.552077438662302e-01     9.398795147933248e-01     1.000000000000001e+00    -9.253534551556174e-01    -8.208916361868037e-01    -3.185413892101858e-02     5.526604875592739e-01    -9.817893505156201e-01     8.208468760744058e-01     8.208468760744058e-01     9.685873290856198e-01 
Radius                        9.993786267022046e-01    -5.681740867288868e-01    -9.004373522486581e-01     1.000000000000000e+00     9.993786267022029e-01     9.928862464682767e-01    -8.579474301106014e-01    -9.004373522486568e-01     6.705954570077005e-01     4.996360123986342e-01     4.608543786320858e-01    -7.335907617451464e-01     8.045942500816827e-01    -4.995459299951537e-01    -4.995459299951537e-01    -7.677621612047548e-01 
Mass                          9.999999999999996e-01    -5.461486617117380e-01    -8.884528550480947e-01     9.993786267022029e-01     1.000000000000000e+00     9.964648598396171e-01    -8.393100848769708e-01    -8.884528550480959e-01     6.509014498095198e-01     4.751887024121449e-01     4.857347561325170e-01    -7.274239408367962e-01     7.886874015384723e-01    -4.751003964511176e-01    -4.751003964511176e-01    -7.504916174751703e-01 
log_g                         9.964648598396167e-01    -4.904251156872019e-01    -8.552077438662302e-01     9.928862464682767e-01     9.964648598396171e-01     1.000000000000000e+00    -7.906756511939662e-01    -8.552077438662319e-01     6.002488860246342e-01     4.142104145191246e-01     5.430731936267541e-01    -7.100046712727146e-01     7.464543857652033e-01    -4.141223760671707e-01    -4.141223760671707e-01    -7.051036862621497e-01 
Rho                          -8.393100848769696e-01     8.051292044044168e-01     9.398795147933248e-01    -8.579474301106014e-01    -8.393100848769708e-01    -7.906756511939662e-01     1.000000000000000e+00     9.398795147933244e-01    -8.579457459857555e-01    -7.816881593222820e-01    -2.684136347920572e-02     7.093344226677386e-01    -9.161901863782111e-01     7.816013223298522e-01     7.816013223298522e-01     9.051485145252638e-01 
Age                          -8.884528550480946e-01     8.688762720647117e-01     1.000000000000001e+00    -9.004373522486568e-01    -8.884528550480959e-01    -8.552077438662319e-01     9.398795147933244e-01     1.000000000000000e+00    -9.253534551556155e-01    -8.208916361868003e-01    -3.185413892101862e-02     5.526604875592739e-01    -9.817893505156208e-01     8.208468760744063e-01     8.208468760744063e-01     9.685873290856180e-01 
Teff                          6.509014498095199e-01    -9.911772968521566e-01    -9.253534551556174e-01     6.705954570077005e-01     6.509014498095198e-01     6.002488860246342e-01    -8.579457459857555e-01    -9.253534551556155e-01     1.000000000000000e+00     9.574081808828069e-01    -3.456121825145396e-01    -2.905198213191304e-01     9.800660412049034e-01    -9.574580158878713e-01    -9.574580158878713e-01    -9.884625085416091e-01 
X                             4.751887024121449e-01    -9.791254252588117e-01    -8.208916361868037e-01     4.996360123986342e-01     4.751887024121449e-01     4.142104145191246e-01    -7.816881593222820e-01    -8.208916361868003e-01     9.574081808828069e-01     1.000000000000000e+00    -5.192890640069534e-01    -2.234164497469296e-01     8.997802046102429e-01    -9.999884431538255e-01    -9.999884431538255e-01    -9.235013979370703e-01 
numax                         4.857347561325170e-01     4.652097515606450e-01    -3.185413892101858e-02     4.608543786320858e-01     4.857347561325170e-01     5.430731936267541e-01    -2.684136347920572e-02    -3.185413892101862e-02    -3.456121825145396e-01    -5.192890640069534e-01     1.000000000000000e+00    -5.277254078453373e-01    -1.531530514102960e-01     5.194432339293236e-01     5.194432339293236e-01     2.104849322757772e-01 
Dnu                          -7.274239408367960e-01     2.016868450058865e-01     5.526604875592739e-01    -7.335907617451464e-01    -7.274239408367962e-01    -7.100046712727146e-01     7.093344226677386e-01     5.526604875592739e-01    -2.905198213191304e-01    -2.234164497469296e-01    -5.277254078453373e-01     1.000000000000000e+00    -4.280872343422366e-01     2.232513556334174e-01     2.232513556334174e-01     3.851221094857041e-01 
Luminosity                    7.886874015384724e-01    -9.455355003220133e-01    -9.817893505156201e-01     8.045942500816827e-01     7.886874015384723e-01     7.464543857652033e-01    -9.161901863782111e-01    -9.817893505156208e-01     9.800660412049034e-01     8.997802046102429e-01    -1.531530514102960e-01    -4.280872343422366e-01     1.000000000000000e+00    -8.998017838340699e-01    -8.998017838340699e-01    -9.968617737506377e-01 
Fe_H                         -4.751003964511165e-01     9.791881883846354e-01     8.208468760744058e-01    -4.995459299951537e-01    -4.751003964511176e-01    -4.141223760671707e-01     7.816013223298522e-01     8.208468760744063e-01    -9.574580158878713e-01    -9.999884431538255e-01     5.194432339293236e-01     2.232513556334174e-01    -8.998017838340699e-01     1.000000000000000e+00     1.000000000000000e+00     9.235352417157746e-01 
M_H                          -4.751003964511165e-01     9.791881883846354e-01     8.208468760744058e-01    -4.995459299951537e-01    -4.751003964511176e-01    -4.141223760671707e-01     7.816013223298522e-01     8.208468760744063e-01    -9.574580158878713e-01    -9.999884431538255e-01     5.194432339293236e-01     2.232513556334174e-01    -8.998017838340699e-01     1.000000000000000e+00     1.000000000000000e+00     9.235352417157746e-01 
DNl1                         -7.504916174751683e-01     9.621809332026573e-01     9.685873290856198e-01    -7.677621612047548e-01    -7.504916174751703e-01    -7.051036862621497e-01     9.051485145252638e-01     9.685873290856180e-01    -9.884625085416091e-01    -9.235013979370703e-01     2.104849322757772e-01     3.851221094857041e-01    -9.968617737506377e-01     9.235352417157746e-01     9.235352417157746e-01     1.000000000000000e+00 
