Summary
=======
Mass                          1.577846270103434e+00     3.889382461057095e-02
log_Z                        -1.834481266450861e+00     7.720389400891117e-02
mHe                           1.334234875967518e-01     2.206959974413800e-03
A3_surf                       8.435871754809987e-13     1.858869587045453e-13
Am1_surf                     -2.500701360981056e-07     3.300037174388144e-08
Radius                        6.244890881001812e+00     5.566110050666897e-02
Mass                          1.577846270103434e+00     3.889382461057094e-02
log_g                         3.044984348984312e+00     3.039260662201568e-03
Rho                           9.132212459949243e-03     2.182110277930442e-05
Age                           2.149764134374974e+03     2.737074063608510e+02
Teff                          4.853397821767174e+03     4.397797959934582e+01
Xc                            1.220421852563510e-33     1.662661034080904e-34
Luminosity                    1.951394057545320e+01     9.555983855788410e-01
Dnu                           1.068355828587103e+01     1.074074929752239e-02
numax                         1.363135378142483e+02     7.804674603003157e-01
Fe_H                         -7.542016137440830e-02     8.093220969491570e-02

Correlation matrix
==================
                          Mass                      log_Z                     mHe                       A3_surf                   Am1_surf                  Radius                    Mass                      log_g                     Rho                       Age                       Teff                      Xc                        Luminosity                Dnu                       numax                     Fe_H                      
Mass                          1.000000000000000e+00    -4.614916005106100e-01    -9.684510315863721e-01    -1.313226950391083e-01     1.348886660540934e-01     9.987038575931212e-01     9.999999999999999e-01     9.916042543101027e-01    -8.281088417131185e-01    -9.210951899684564e-01     6.065806987590965e-01     9.540813215258461e-01     8.056782962613735e-01    -1.504154806697046e-01     7.305421178867481e-01    -4.620440523702558e-01 
log_Z                        -4.614916005106100e-01     1.000000000000000e+00     2.416207232733692e-01    -1.192743607509843e-01     1.442130144711674e-01    -4.721997392231857e-01    -4.614916005106099e-01    -4.307800253223541e-01     5.039809380618460e-01     7.617958256045987e-01    -9.849532402932190e-01    -1.879665092497313e-01    -8.958951463915843e-01     6.737070655196867e-01     2.535731238698379e-01     9.999196371804568e-01 
mHe                          -9.684510315863721e-01     2.416207232733692e-01     1.000000000000000e+00     1.691834533449497e-01    -1.790455869900533e-01    -9.646174302639408e-01    -9.684510315863721e-01    -9.702513748622286e-01     7.650968854358497e-01     8.113415909965886e-01    -4.029071632714610e-01    -9.939491537573416e-01    -6.413975339270696e-01    -1.911844192847520e-02    -8.652598162058538e-01     2.425100143147169e-01 
A3_surf                      -1.313226950391083e-01    -1.192743607509843e-01     1.691834533449497e-01     1.000000000000000e+00    -9.777614956255115e-01    -1.715308463222274e-01    -1.313226950391082e-01    -2.741382868841286e-02     5.605254927998826e-01     4.508752080449549e-02     8.524774930185723e-02    -1.823131901504762e-01     1.758567841165078e-03     4.797094491503113e-01    -1.006228963572582e-01    -1.188138591177734e-01 
Am1_surf                      1.348886660540934e-01     1.442130144711674e-01    -1.790455869900533e-01    -9.777614956255115e-01     1.000000000000000e+00     1.772652305845350e-01     1.348886660540933e-01     2.521947921154863e-02    -5.882473462135199e-01    -3.694477369993811e-02    -1.071489504879728e-01     1.939920267859887e-01    -1.585683270274568e-02    -4.975476346140570e-01     1.152850653248255e-01     1.437035811672406e-01 
Radius                        9.987038575931212e-01    -4.721997392231857e-01    -9.646174302639408e-01    -1.715308463222274e-01     1.772652305845350e-01     1.000000000000000e+00     9.987038575931211e-01     9.841195038107030e-01    -8.550716918585283e-01    -9.252794291646581e-01     6.157335604522614e-01     9.497622074229652e-01     8.128031295827649e-01    -1.916236039581337e-01     7.141227335929070e-01    -4.727577987985113e-01 
Mass                          9.999999999999999e-01    -4.614916005106099e-01    -9.684510315863721e-01    -1.313226950391082e-01     1.348886660540933e-01     9.987038575931211e-01     1.000000000000000e+00     9.916042543101027e-01    -8.281088417131184e-01    -9.210951899684563e-01     6.065806987590966e-01     9.540813215258461e-01     8.056782962613733e-01    -1.504154806697045e-01     7.305421178867482e-01    -4.620440523702557e-01 
log_g                         9.916042543101027e-01    -4.307800253223541e-01    -9.702513748622286e-01    -2.741382868841286e-02     2.521947921154863e-02     9.841195038107030e-01     9.916042543101027e-01     1.000000000000000e+00    -7.495496365721634e-01    -9.037565429489522e-01     5.777543145426629e-01     9.557728570442902e-01     7.786884697624680e-01    -4.339099784490069e-02     7.635201312272860e-01    -4.313894429364175e-01 
Rho                          -8.281088417131185e-01     5.039809380618460e-01     7.650968854358497e-01     5.605254927998826e-01    -5.882473462135199e-01    -8.550716918585283e-01    -8.281088417131184e-01    -7.495496365721634e-01     1.000000000000000e+00     8.131872528070871e-01    -6.097274810879341e-01    -7.511540164990068e-01    -7.571756611799844e-01     5.886958806751759e-01    -4.325520632738249e-01     5.043279675499083e-01 
Age                          -9.210951899684564e-01     7.617958256045987e-01     8.113415909965886e-01     4.508752080449549e-02    -3.694477369993811e-02    -9.252794291646581e-01    -9.210951899684563e-01    -9.037565429489522e-01     8.131872528070871e-01     1.000000000000000e+00    -8.594998656537292e-01    -7.744005208472363e-01    -9.637065828661349e-01     3.950832240027485e-01    -4.227972931057148e-01     7.625185672152833e-01 
Teff                          6.065806987590965e-01    -9.849532402932190e-01    -4.029071632714610e-01     8.524774930185723e-02    -1.071489504879728e-01     6.157335604522614e-01     6.065806987590966e-01     5.777543145426629e-01    -6.097274810879341e-01    -8.594998656537292e-01     1.000000000000000e+00     3.536313121459861e-01     9.589467397150354e-01    -6.291680424972853e-01    -8.594117327374821e-02    -9.848148744572912e-01 
Xc                            9.540813215258461e-01    -1.879665092497313e-01    -9.939491537573416e-01    -1.823131901504762e-01     1.939920267859887e-01     9.497622074229652e-01     9.540813215258461e-01     9.557728570442902e-01    -7.511540164990068e-01    -7.744005208472363e-01     3.536313121459861e-01     1.000000000000000e+00     6.014162730352541e-01     5.271900889932478e-02     8.870670765191623e-01    -1.882508744050833e-01 
Luminosity                    8.056782962613735e-01    -8.958951463915843e-01    -6.413975339270696e-01     1.758567841165078e-03    -1.585683270274568e-02     8.128031295827649e-01     8.056782962613733e-01     7.786884697624680e-01    -7.571756611799844e-01    -9.637065828661349e-01     9.589467397150354e-01     6.014162730352541e-01     1.000000000000000e+00    -5.329921423661204e-01     1.919372095093407e-01    -8.958172830359373e-01 
Dnu                          -1.504154806697046e-01     6.737070655196867e-01    -1.911844192847520e-02     4.797094491503113e-01    -4.975476346140570e-01    -1.916236039581337e-01    -1.504154806697045e-01    -4.339099784490069e-02     5.886958806751759e-01     3.950832240027485e-01    -6.291680424972853e-01     5.271900889932478e-02    -5.329921423661204e-01     1.000000000000000e+00     4.449779334712984e-01     6.736788006566375e-01 
numax                         7.305421178867481e-01     2.535731238698379e-01    -8.652598162058538e-01    -1.006228963572582e-01     1.152850653248255e-01     7.141227335929070e-01     7.305421178867482e-01     7.635201312272860e-01    -4.325520632738249e-01    -4.227972931057148e-01    -8.594117327374821e-02     8.870670765191623e-01     1.919372095093407e-01     4.449779334712984e-01     1.000000000000000e+00     2.527575758187707e-01 
Fe_H                         -4.620440523702558e-01     9.999196371804568e-01     2.425100143147169e-01    -1.188138591177734e-01     1.437035811672406e-01    -4.727577987985113e-01    -4.620440523702557e-01    -4.313894429364175e-01     5.043279675499083e-01     7.625185672152833e-01    -9.848148744572912e-01    -1.882508744050833e-01    -8.958172830359373e-01     6.736788006566375e-01     2.527575758187707e-01     1.000000000000000e+00 
