Summary
=======
Mass                          1.602194148416505e+00     2.720115951748427e-02
log_Z                        -1.833846550858089e+00     7.582763292921958e-02
mHe                           1.331358194611817e-01     1.325909494015157e-03
A3_surf                       1.134823344245342e-12     1.957816728824051e-13
Am1_surf                     -2.812704467944264e-07     3.112286500143454e-08
Radius                        6.485530314065986e+00     4.003844577875537e-02
Mass                          1.602194148416505e+00     2.720115951748428e-02
log_g                         3.018845494934554e+00     2.062476369018816e-03
Rho                           8.279555074229296e-03     1.517898045977532e-05
Age                           2.034759467945138e+03     2.134281893011222e+02
Teff                          4.846304093989988e+03     4.248207638631950e+01
Xc                            1.335516802479849e-33     9.698851075695720e-35
Luminosity                    2.092060305602618e+01     9.274161282859920e-01
Dnu                           1.015721312713523e+01     9.519725409943414e-03
numax                         1.284438271885516e+02     4.918557779250503e-01
Fe_H                         -7.475641516774360e-02     7.946572224106815e-02

Correlation matrix
==================
                          Mass                      log_Z                     mHe                       A3_surf                   Am1_surf                  Radius                    Mass                      log_g                     Rho                       Age                       Teff                      Xc                        Luminosity                Dnu                       numax                     Fe_H                      
Mass                          1.000000000000000e+00    -6.057325760093535e-01    -9.279456775612281e-01    -3.397949259597963e-02     1.716997138968554e-02     9.982637770074706e-01     1.000000000000000e+00     9.881799646140602e-01    -8.058630037234277e-01    -9.135254666517809e-01     6.874120886036346e-01     8.830144478299520e-01     8.149319571812911e-01    -2.762544954523132e-01     4.372535801285815e-01    -6.067910573561737e-01 
log_Z                        -6.057325760093535e-01     1.000000000000000e+00     2.767670727047377e-01    -1.469839519475641e-01     1.864877382666749e-01    -6.181485216256234e-01    -6.057325760093533e-01    -5.663755745820478e-01     6.182226643312619e-01     8.715735233887262e-01    -9.940110569206869e-01    -1.769349060028329e-01    -9.535296281718647e-01     7.178692322548551e-01     4.359280691644268e-01     9.999193221683990e-01 
mHe                          -9.279456775612281e-01     2.767670727047377e-01     1.000000000000000e+00     9.708765490168234e-02    -9.512433666453991e-02    -9.200454669845810e-01    -9.279456775612279e-01    -9.351358532436875e-01     6.804944819985009e-01     7.115079250995023e-01    -3.764424234848041e-01    -9.785440024978301e-01    -5.458515943547236e-01     1.278699067212760e-03    -7.268712648686263e-01     2.785782963788032e-01 
A3_surf                      -3.397949259597963e-02    -1.469839519475641e-01     9.708765490168234e-02     1.000000000000000e+00    -9.860721474283969e-01    -8.192049463935812e-02    -3.397949259597958e-02     9.235982340536930e-02     5.146659330755156e-01    -5.368722212386345e-02     1.326080011104893e-01    -1.240119917503480e-01     8.223340896182330e-02     4.005177899653908e-01    -3.706882209114434e-02    -1.468050908569637e-01 
Am1_surf                      1.716997138968554e-02     1.864877382666749e-01    -9.512433666453991e-02    -9.860721474283969e-01     1.000000000000000e+00     6.626675482622531e-02     1.716997138968548e-02    -1.118484117558025e-01    -5.123943163916688e-01     8.336545879744529e-02    -1.711362265760342e-01     1.249708461013168e-01    -1.170709520988986e-01    -3.886723598146579e-01     5.695707752441412e-02     1.862206505762421e-01 
Radius                        9.982637770074706e-01    -6.181485216256234e-01    -9.200454669845810e-01    -8.192049463935812e-02     6.626675482622531e-02     1.000000000000000e+00     9.982637770074704e-01     9.776315476233185e-01    -8.391150317383176e-01    -9.189078158590184e-01     6.983402213641587e-01     8.742230924711523e-01     8.240226600139819e-01    -3.201306323559144e-01     4.116683222256180e-01    -6.191850579377763e-01 
Mass                          1.000000000000000e+00    -6.057325760093533e-01    -9.279456775612279e-01    -3.397949259597958e-02     1.716997138968548e-02     9.982637770074704e-01     1.000000000000000e+00     9.881799646140604e-01    -8.058630037234280e-01    -9.135254666517809e-01     6.874120886036345e-01     8.830144478299519e-01     8.149319571812909e-01    -2.762544954523132e-01     4.372535801285815e-01    -6.067910573561739e-01 
log_g                         9.881799646140602e-01    -5.663755745820478e-01    -9.351358532436875e-01     9.235982340536930e-02    -1.118484117558025e-01     9.776315476233185e-01     9.881799646140604e-01     1.000000000000000e+00    -7.059855625862029e-01    -8.881504716920262e-01     6.501083908032451e-01     8.902547010936339e-01     7.793301976802082e-01    -1.592074558403221e-01     4.944971962332374e-01    -5.675805370006286e-01 
Rho                          -8.058630037234277e-01     6.182226643312619e-01     6.804944819985009e-01     5.146659330755156e-01    -5.123943163916688e-01    -8.391150317383176e-01    -8.058630037234280e-01    -7.059855625862029e-01     1.000000000000000e+00     7.991271999667693e-01    -6.714524137921409e-01    -6.407371126850862e-01    -7.599737329228985e-01     6.675166508719397e-01    -1.061158261896132e-01     6.186516624072999e-01 
Age                          -9.135254666517809e-01     8.715735233887262e-01     7.115079250995023e-01    -5.368722212386345e-02     8.336545879744529e-02    -9.189078158590184e-01    -9.135254666517809e-01    -8.881504716920262e-01     7.991271999667693e-01     1.000000000000000e+00    -9.173807138586481e-01    -6.247524104500962e-01    -9.732274500840291e-01     5.299462103587074e-01    -4.986757318781772e-02     8.725647922871159e-01 
Teff                          6.874120886036346e-01    -9.940110569206869e-01    -3.764424234848041e-01     1.326080011104893e-01    -1.711362265760342e-01     6.983402213641587e-01     6.874120886036345e-01     6.501083908032451e-01    -6.714524137921409e-01    -9.173807138586481e-01     1.000000000000000e+00     2.825779671372514e-01     9.805607527964463e-01    -6.903377828158256e-01    -3.389355189027540e-01    -9.939158794126510e-01 
Xc                            8.830144478299520e-01    -1.769349060028329e-01    -9.785440024978301e-01    -1.240119917503480e-01     1.249708461013168e-01     8.742230924711523e-01     8.830144478299519e-01     8.902547010936339e-01    -6.407371126850862e-01    -6.247524104500962e-01     2.825779671372514e-01     1.000000000000000e+00     4.632566321749598e-01     6.806756129617661e-02     7.799219433164647e-01    -1.774098155659785e-01 
Luminosity                    8.149319571812911e-01    -9.535296281718647e-01    -5.458515943547236e-01     8.223340896182330e-02    -1.170709520988986e-01     8.240226600139819e-01     8.149319571812909e-01     7.793301976802082e-01    -7.599737329228985e-01    -9.732274500840291e-01     9.805607527964463e-01     4.632566321749598e-01     1.000000000000000e+00    -6.321155878062696e-01    -1.565306439732018e-01    -9.535665051632137e-01 
Dnu                          -2.762544954523132e-01     7.178692322548551e-01     1.278699067212760e-03     4.005177899653908e-01    -3.886723598146579e-01    -3.201306323559144e-01    -2.762544954523132e-01    -1.592074558403221e-01     6.675166508719397e-01     5.299462103587074e-01    -6.903377828158256e-01     6.806756129617661e-02    -6.321155878062696e-01     1.000000000000000e+00     5.926215881095535e-01     7.174227294670251e-01 
numax                         4.372535801285815e-01     4.359280691644268e-01    -7.268712648686263e-01    -3.706882209114434e-02     5.695707752441412e-02     4.116683222256180e-01     4.372535801285815e-01     4.944971962332374e-01    -1.061158261896132e-01    -4.986757318781772e-02    -3.389355189027540e-01     7.799219433164647e-01    -1.565306439732018e-01     5.926215881095535e-01     1.000000000000000e+00     4.343809339251445e-01 
Fe_H                         -6.067910573561737e-01     9.999193221683990e-01     2.785782963788032e-01    -1.468050908569637e-01     1.862206505762421e-01    -6.191850579377763e-01    -6.067910573561739e-01    -5.675805370006286e-01     6.186516624072999e-01     8.725647922871159e-01    -9.939158794126510e-01    -1.774098155659785e-01    -9.535665051632137e-01     7.174227294670251e-01     4.343809339251445e-01     1.000000000000000e+00 
