Summary
=======
Mass                          1.630481623566128e+00     3.935744947189516e-02
log_Z                        -1.781098349700320e+00     7.618703106427181e-02
mHe                           1.321686951933325e-01     2.060962023626590e-03
A3_surf                       1.203030351999210e-12     3.884880003980866e-13
Am1_surf                     -2.946899009590372e-07     6.021453620515713e-08
Radius                        6.696267182516327e+00     5.662247978058735e-02
Mass                          1.630481623566129e+00     3.935744947189515e-02
log_g                         2.998621849657163e+00     3.262241366606533e-03
Rho                           7.654271876235454e-03     1.853361509926763e-05
Age                           1.986106807985012e+03     2.319859372358683e+02
Teff                          4.815927867076832e+03     4.141521182367774e+01
Xc                            1.503638958710420e-33     1.680429234310163e-34
Luminosity                    2.174853469004673e+01     9.853447695582453e-01
Dnu                           9.755917058034493e+00     2.276740613212681e-02
numax                         1.229877791623988e+02     8.558056745146434e-01
Fe_H                         -1.929717690481330e-02     8.041834938016866e-02

Correlation matrix
==================
                          Mass                      log_Z                     mHe                       A3_surf                   Am1_surf                  Radius                    Mass                      log_g                     Rho                       Age                       Teff                      Xc                        Luminosity                Dnu                       numax                     Fe_H                      
Mass                          1.000000000000000e+00    -3.032438851008571e-01    -9.483077858015058e-01     1.730712877911933e-01    -2.443977478451171e-01     9.963194223978502e-01     1.000000000000000e+00     9.808000691404856e-01    -4.414803430040735e-01    -9.060798968169681e-01     4.847105256757634e-01     9.053575362522044e-01     7.357450445646836e-01     4.925971215525918e-01     7.580030035637674e-01    -3.038569636906116e-01 
log_Z                        -3.032438851008571e-01     1.000000000000000e+00     1.235137994199116e-02    -1.901926290537784e-02     1.444247676319830e-02    -3.354954813967729e-01    -3.032438851008571e-01    -2.230286711471799e-01     4.817979042773658e-01     6.671855277888485e-01    -9.801878343967753e-01     1.162941050650614e-01    -8.670622833354432e-01     4.292099941349993e-01     3.650934115851998e-01     9.999236170996757e-01 
mHe                          -9.483077858015058e-01     1.235137994199116e-02     1.000000000000000e+00    -1.899816362774727e-01     2.649372120889148e-01    -9.344167985551620e-01    -9.483077858015055e-01    -9.588427504845138e-01     2.958028974692775e-01     7.517177904928054e-01    -2.067052717870977e-01    -9.778577208942040e-01    -5.000599984566070e-01    -6.688394412630070e-01    -9.055536781720436e-01     1.324418512394663e-02 
A3_surf                       1.730712877911933e-01    -1.901926290537784e-02    -1.899816362774727e-01     1.000000000000000e+00    -9.883336119655294e-01     9.755910458983730e-02     1.730712877911934e-01     3.400090263677247e-01     7.121765261089544e-01    -1.451218506506969e-01     5.941091642241984e-02     1.740724435701624e-01     8.082703970295567e-02     5.517845471390886e-01     3.300430127966039e-01    -1.901692936679174e-02 
Am1_surf                     -2.443977478451171e-01     1.444247676319830e-02     2.649372120889148e-01    -9.883336119655294e-01     1.000000000000000e+00    -1.668957338894532e-01    -2.443977478451171e-01    -4.136129651756519e-01    -6.981501349346132e-01     1.980143947470653e-01    -7.030563368587062e-02    -2.511548108834952e-01    -1.149351639683901e-01    -6.070460254680119e-01    -4.027623240804216e-01     1.439833913729021e-02 
Radius                        9.963194223978502e-01    -3.354954813967729e-01    -9.344167985551620e-01     9.755910458983730e-02    -1.668957338894532e-01     1.000000000000000e+00     9.963194223978502e-01     9.609202431169819e-01    -5.161144776397631e-01    -9.176151998508596e-01     5.130289521437802e-01     8.876804668572663e-01     7.585058100396012e-01     4.343866733443574e-01     7.190254427143685e-01    -3.361068824480345e-01 
Mass                          1.000000000000000e+00    -3.032438851008571e-01    -9.483077858015055e-01     1.730712877911934e-01    -2.443977478451171e-01     9.963194223978502e-01     1.000000000000000e+00     9.808000691404853e-01    -4.414803430040736e-01    -9.060798968169683e-01     4.847105256757634e-01     9.053575362522044e-01     7.357450445646836e-01     4.925971215525919e-01     7.580030035637672e-01    -3.038569636906115e-01 
log_g                         9.808000691404856e-01    -2.230286711471799e-01    -9.588427504845138e-01     3.400090263677247e-01    -4.136129651756519e-01     9.609202431169819e-01     9.808000691404853e-01     1.000000000000000e+00    -2.589212909417304e-01    -8.593731697577290e-01     4.082644886733019e-01     9.210561785411788e-01     6.642692227759236e-01     6.176048759315168e-01     8.258610838703603e-01    -2.236597641278993e-01 
Rho                          -4.414803430040735e-01     4.817979042773658e-01     2.958028974692775e-01     7.121765261089544e-01    -6.981501349346132e-01    -5.161144776397631e-01    -4.414803430040736e-01    -2.589212909417304e-01     1.000000000000000e+00     5.451441304809241e-01    -5.279174106366860e-01    -2.471557065248432e-01    -5.917755476452262e-01     3.932587047158855e-01     4.702725920372311e-02     4.820008029061889e-01 
Age                          -9.060798968169681e-01     6.671855277888485e-01     7.517177904928054e-01    -1.451218506506969e-01     1.980143947470653e-01    -9.176151998508596e-01    -9.060798968169683e-01    -8.593731697577290e-01     5.451441304809241e-01     1.000000000000000e+00    -7.988317582760017e-01    -6.518895789217798e-01    -9.427704417015317e-01    -2.054448098050774e-01    -4.327222091014525e-01     6.678267050648508e-01 
Teff                          4.847105256757634e-01    -9.801878343967753e-01    -2.067052717870977e-01     5.941091642241984e-02    -7.030563368587062e-02     5.130289521437802e-01     4.847105256757634e-01     4.082644886733019e-01    -5.279174106366860e-01    -7.988317582760017e-01     1.000000000000000e+00     8.216492459130645e-02     9.480738702556974e-01    -2.888333209428333e-01    -1.775377961990364e-01    -9.800745135607914e-01 
Xc                            9.053575362522044e-01     1.162941050650614e-01    -9.778577208942040e-01     1.740724435701624e-01    -2.511548108834952e-01     8.876804668572663e-01     9.053575362522044e-01     9.210561785411788e-01    -2.471557065248432e-01    -6.518895789217798e-01     8.216492459130645e-02     1.000000000000000e+00     3.917413569987413e-01     7.004617856901111e-01     9.425372950908779e-01     1.163899503678650e-01 
Luminosity                    7.357450445646836e-01    -8.670622833354432e-01    -5.000599984566070e-01     8.082703970295567e-02    -1.149351639683901e-01     7.585058100396012e-01     7.357450445646836e-01     6.642692227759236e-01    -5.917755476452262e-01    -9.427704417015317e-01     9.480738702556974e-01     3.917413569987413e-01     1.000000000000000e+00    -5.836700164503129e-02     1.305966801489134e-01    -8.670666857370652e-01 
Dnu                           4.925971215525918e-01     4.292099941349993e-01    -6.688394412630070e-01     5.517845471390886e-01    -6.070460254680119e-01     4.343866733443574e-01     4.925971215525919e-01     6.176048759315168e-01     3.932587047158855e-01    -2.054448098050774e-01    -2.888333209428333e-01     7.004617856901111e-01    -5.836700164503129e-02     1.000000000000000e+00     8.434001600596622e-01     4.290630563588927e-01 
numax                         7.580030035637674e-01     3.650934115851998e-01    -9.055536781720436e-01     3.300430127966039e-01    -4.027623240804216e-01     7.190254427143685e-01     7.580030035637672e-01     8.258610838703603e-01     4.702725920372311e-02    -4.327222091014525e-01    -1.775377961990364e-01     9.425372950908779e-01     1.305966801489134e-01     8.434001600596622e-01     1.000000000000000e+00     3.643727058718255e-01 
Fe_H                         -3.038569636906116e-01     9.999236170996757e-01     1.324418512394663e-02    -1.901692936679174e-02     1.439833913729021e-02    -3.361068824480345e-01    -3.038569636906115e-01    -2.236597641278993e-01     4.820008029061889e-01     6.678267050648508e-01    -9.800745135607914e-01     1.163899503678650e-01    -8.670666857370652e-01     4.290630563588927e-01     3.643727058718255e-01     1.000000000000000e+00 
