Summary
=======
Mass                          1.403050954967775e+00     3.331404784410308e-03
log_Z                        -2.026866572064732e+00     1.408386893237989e-02
mHe                           1.810952686433417e-01     2.494664246673362e-03
A3_surf                       1.628434607502546e-10     5.533866584173932e-12
Am1_surf                     -9.067270539932411e-06     1.918563272355699e-07
Radius                        1.205000579083685e+01     1.458338652550621e-02
Mass                          1.403050954967775e+00     3.331404784410346e-03
log_g                         2.423165973936633e+00     6.027870766927109e-04
Rho                           1.130519313177756e-03     2.390269095339580e-06
Age                           2.900992891110020e+03     3.237570338996195e+01
Teff                          4.635391334812139e+03     7.457947463003041e+00
Xc                            4.777566793948898e-34     6.185903861279374e-36
Luminosity                    6.039635198356532e+01     3.757234554737496e-01
Dnu                           3.528695793209948e+00     3.590191887003044e-03
numax                         3.331847122617049e+01     4.931723523076573e-02
Fe_H                         -2.755179460750728e-01     1.524479855458228e-02

Correlation matrix
==================
                          Mass                      log_Z                     mHe                       A3_surf                   Am1_surf                  Radius                    Mass                      log_g                     Rho                       Age                       Teff                      Xc                        Luminosity                Dnu                       numax                     Fe_H                      
Mass                          1.000000000000000e+00     3.164447940957925e-01     7.051745601570414e-01    -1.890546281979635e-01     1.104172553102087e-01     8.324779862653594e-01     1.000000000000000e+00     2.571261842367484e-01    -3.071128742748260e-01    -1.549548455466439e-01    -1.697613029756247e-01     8.049234881179633e-01     1.493132328208427e-01     5.742365834811466e-02     3.333800249089015e-01     3.234251475101845e-01 
log_Z                         3.164447940957925e-01     1.000000000000000e+00     2.978214738408702e-01    -4.088465784143951e-01     3.593051239297641e-01     3.712222585740382e-01     3.164447940957944e-01    -1.066529454864186e-01    -2.825325176830584e-01     8.645665487626630e-01    -9.851294222757883e-01     8.173375198411454e-01    -8.702109307308373e-01    -1.033353295921995e-01     4.359605532275384e-01     9.997780565097639e-01 
mHe                           7.051745601570414e-01     2.978214738408702e-01     1.000000000000000e+00    -2.510834845238386e-01     1.874718747143580e-01     6.759705063731594e-01     7.051745601570417e-01     2.642860777694578e-02    -3.692067999418074e-01     1.205673949510190e-01    -1.466482886921213e-01     6.138075095391561e-01     1.114154926654527e-01     2.692328631069641e-02     1.043234462408132e-01     3.060126405109410e-01 
A3_surf                      -1.890546281979635e-01    -4.088465784143951e-01    -2.510834845238386e-01     1.000000000000000e+00    -9.700670042514518e-01    -6.138948405986697e-01    -1.890546281979651e-01     7.477791072318498e-01     8.423146199928514e-01    -3.483661844259105e-01     4.137317406390982e-01    -3.694495803095117e-01     1.869875765523704e-01     7.847424257901237e-01     4.761386529373764e-01    -4.080728190388583e-01 
Am1_surf                      1.104172553102087e-01     3.593051239297641e-01     1.874718747143580e-01    -9.700670042514518e-01     1.000000000000000e+00     6.014596495103066e-01     1.104172553102111e-01    -8.604395205569405e-01    -9.091701523064478e-01     3.338825466862723e-01    -3.789843854958546e-01     2.914175208285575e-01    -1.561105895545706e-01    -8.917963879143519e-01    -6.006933501941362e-01     3.588178183131363e-01 
Radius                        8.324779862653594e-01     3.712222585740382e-01     6.759705063731594e-01    -6.138948405986697e-01     6.014596495103066e-01     1.000000000000000e+00     8.324779862653604e-01    -3.213766799984431e-01    -7.829453491718303e-01     3.434778177668035e-03    -2.649116753905531e-01     7.378993550881213e-01     1.164307439170281e-01    -4.922401524082423e-01    -1.573554078761198e-01     3.773931318596533e-01 
Mass                          1.000000000000000e+00     3.164447940957944e-01     7.051745601570417e-01    -1.890546281979651e-01     1.104172553102111e-01     8.324779862653604e-01     1.000000000000000e+00     2.571261842367470e-01    -3.071128742748274e-01    -1.549548455466418e-01    -1.697613029756266e-01     8.049234881179645e-01     1.493132328208410e-01     5.742365834811339e-02     3.333800249089012e-01     3.234251475101865e-01 
log_g                         2.571261842367484e-01    -1.066529454864186e-01     2.642860777694578e-02     7.477791072318498e-01    -8.604395205569405e-01    -3.213766799984431e-01     2.571261842367470e-01     1.000000000000000e+00     8.407076872933292e-01    -2.707518416323622e-01     1.719559912063165e-01     8.866419282929296e-02     5.216374962019326e-02     9.567649317167924e-01     8.442197082633641e-01    -1.054843106049751e-01 
Rho                          -3.071128742748260e-01    -2.825325176830584e-01    -3.692067999418074e-01     8.423146199928514e-01    -9.091701523064478e-01    -7.829453491718303e-01    -3.071128742748274e-01     8.407076872933292e-01     1.000000000000000e+00    -1.800423955472821e-01     2.646491441108279e-01    -3.638184013624200e-01    -3.209945927891009e-02     9.099891437215586e-01     6.444691426788413e-01    -2.852988954294824e-01 
Age                          -1.549548455466439e-01     8.645665487626630e-01     1.205673949510190e-01    -3.483661844259105e-01     3.338825466862723e-01     3.434778177668035e-03    -1.549548455466418e-01    -2.707518416323622e-01    -1.800423955472821e-01     1.000000000000000e+00    -9.035998983604527e-01     4.463633787842981e-01    -9.296858142126814e-01    -1.299415265614253e-01     2.377138480795837e-01     8.620700859366681e-01 
Teff                         -1.697613029756247e-01    -9.851294222757883e-01    -1.466482886921213e-01     4.137317406390982e-01    -3.789843854958546e-01    -2.649116753905531e-01    -1.697613029756266e-01     1.719559912063165e-01     2.646491441108279e-01    -9.035998983604527e-01     1.000000000000000e+00    -7.190220390260605e-01     9.268623474463377e-01     1.536682812765678e-01    -3.828435261597826e-01    -9.834703744333575e-01 
Xc                            8.049234881179633e-01     8.173375198411454e-01     6.138075095391561e-01    -3.694495803095117e-01     2.914175208285575e-01     7.378993550881213e-01     8.049234881179645e-01     8.866419282929296e-02    -3.638184013624200e-01     4.463633787842981e-01    -7.190220390260605e-01     1.000000000000000e+00    -4.532962587031270e-01    -3.065761578594545e-02     4.742754686185349e-01     8.214951001752278e-01 
Luminosity                    1.493132328208427e-01    -8.702109307308373e-01     1.114154926654527e-01     1.869875765523704e-01    -1.561105895545706e-01     1.164307439170281e-01     1.493132328208410e-01     5.216374962019326e-02    -3.209945927891009e-02    -9.296858142126814e-01     9.268623474463377e-01    -4.532962587031270e-01     1.000000000000000e+00    -3.341267441228228e-02    -4.554295671595394e-01    -8.661645196281372e-01 
Dnu                           5.742365834811466e-02    -1.033353295921995e-01     2.692328631069641e-02     7.847424257901237e-01    -8.917963879143519e-01    -4.922401524082423e-01     5.742365834811339e-02     9.567649317167924e-01     9.099891437215586e-01    -1.299415265614253e-01     1.536682812765678e-01    -3.065761578594545e-02    -3.341267441228228e-02     1.000000000000000e+00     8.136032784982461e-01    -1.028207700182252e-01 
numax                         3.333800249089015e-01     4.359605532275384e-01     1.043234462408132e-01     4.761386529373764e-01    -6.006933501941362e-01    -1.573554078761198e-01     3.333800249089012e-01     8.442197082633641e-01     6.444691426788413e-01     2.377138480795837e-01    -3.828435261597826e-01     4.742754686185349e-01    -4.554295671595394e-01     8.136032784982461e-01     1.000000000000000e+00     4.361384553646782e-01 
Fe_H                          3.234251475101845e-01     9.997780565097639e-01     3.060126405109410e-01    -4.080728190388583e-01     3.588178183131363e-01     3.773931318596533e-01     3.234251475101865e-01    -1.054843106049751e-01    -2.852988954294824e-01     8.620700859366681e-01    -9.834703744333575e-01     8.214951001752278e-01    -8.661645196281372e-01    -1.028207700182252e-01     4.361384553646782e-01     1.000000000000000e+00 
