Summary
=======
Mass                          1.555342670866408e+00     3.399795794837249e-02
log_Z                        -1.798152053387857e+00     8.414556125132977e-02
mHe                           1.413129243831880e-01     1.983660505132186e-03
A3_surf                       1.688646950223834e-12     3.507528168928323e-13
Am1_surf                     -3.577309001849157e-07     4.293292338015562e-08
Radius                        7.393765682476446e+00     5.848183735613886e-02
Mass                          1.555342670866408e+00     3.399795794837248e-02
log_g                         2.892085577166192e+00     2.660976793684629e-03
Rho                           5.424159611549152e-03     1.159427745451660e-05
Age                           2.357660714983133e+03     2.963208680691649e+02
Teff                          4.763711583697615e+03     4.773921808777472e+01
Xc                            1.140890704572277e-33     1.350976198420743e-34
Luminosity                    2.539249378471231e+01     1.350154512326321e+00
Dnu                           8.094313330865033e+00     6.552772977467805e-03
numax                         9.675839095270209e+01     3.802529525957619e-01
Fe_H                         -3.718560911050512e-02     8.851694504632465e-02

Correlation matrix
==================
                          Mass                      log_Z                     mHe                       A3_surf                   Am1_surf                  Radius                    Mass                      log_g                     Rho                       Age                       Teff                      Xc                        Luminosity                Dnu                       numax                     Fe_H                      
Mass                          1.000000000000000e+00    -6.968022585022753e-01    -9.633127448207085e-01    -2.635490927604255e-02     4.260780104186235e-03     9.988590552210492e-01     1.000000000000000e+00     9.924833988416440e-01    -8.531873560699644e-01    -9.429131759254463e-01     7.668887184744678e-01     9.356519229511500e-01     8.740040736721268e-01    -2.794859361152353e-01     5.693420881963597e-01    -6.972421106163620e-01 
log_Z                        -6.968022585022753e-01     1.000000000000000e+00     4.828312017626205e-01    -2.285005822024936e-01     2.966863218768826e-01    -6.929718718427389e-01    -6.968022585022752e-01    -6.991729298828666e-01     5.613033039319308e-01     8.894153791322444e-01    -9.944457542137681e-01    -4.107966029741941e-01    -9.561316284512263e-01     6.274389376252901e-01     1.772656237222596e-01     9.999267745353478e-01 
mHe                          -9.633127448207085e-01     4.828312017626205e-01     1.000000000000000e+00     1.105753707430776e-01    -1.089459235978126e-01    -9.634171465556394e-01    -9.633127448207086e-01    -9.550535384388962e-01     8.303865075655825e-01     8.270420425731645e-01    -5.697267039546978e-01    -9.928147736840275e-01    -7.131764445872691e-01     1.085360377146548e-01    -7.617527578497072e-01     4.836333643206162e-01 
A3_surf                      -2.635490927604255e-02    -2.285005822024936e-01     1.105753707430776e-01     1.000000000000000e+00    -9.807628403889801e-01    -6.764165687226259e-02    -2.635490927604255e-02     7.984130158739916e-02     4.795278746678457e-01    -8.472842619881739e-02     2.038839965432596e-01    -1.407509738892291e-01     1.351207027289255e-01     4.158033109618252e-01    -1.349260439438567e-01    -2.281276239886662e-01 
Am1_surf                      4.260780104186235e-03     2.966863218768826e-01    -1.089459235978126e-01    -9.807628403889801e-01     1.000000000000000e+00     4.720336795006443e-02     4.260780104186247e-03    -1.056089943434171e-01    -4.779098828428914e-01     1.286311876839282e-01    -2.682469216881329e-01     1.453706505067187e-01    -1.900947558165483e-01    -3.853499067314213e-01     1.766651124694516e-01     2.962053170677085e-01 
Radius                        9.988590552210492e-01    -6.929718718427389e-01    -9.634171465556394e-01    -6.764165687226259e-02     4.720336795006443e-02     1.000000000000000e+00     9.988590552210490e-01     9.857901514533284e-01    -8.767671437576913e-01    -9.410180459279168e-01     7.631129119369241e-01     9.367674521290414e-01     8.713399016187957e-01    -3.106360203475841e-01     5.636829428197728e-01    -6.934281914401668e-01 
Mass                          1.000000000000000e+00    -6.968022585022752e-01    -9.633127448207086e-01    -2.635490927604255e-02     4.260780104186247e-03     9.988590552210490e-01     1.000000000000000e+00     9.924833988416440e-01    -8.531873560699645e-01    -9.429131759254464e-01     7.668887184744680e-01     9.356519229511500e-01     8.740040736721270e-01    -2.794859361152353e-01     5.693420881963599e-01    -6.972421106163618e-01 
log_g                         9.924833988416440e-01    -6.991729298828666e-01    -9.550535384388962e-01     7.984130158739916e-02    -1.056089943434171e-01     9.857901514533284e-01     9.924833988416440e-01     1.000000000000000e+00    -7.835973941080752e-01    -9.405055630713435e-01     7.680895511383508e-01     9.258890935093036e-01     8.706281807766137e-01    -1.977230471218168e-01     5.794114794407670e-01    -6.997007429231633e-01 
Rho                          -8.531873560699644e-01     5.613033039319308e-01     8.303865075655825e-01     4.795278746678457e-01    -4.779098828428914e-01    -8.767671437576913e-01    -8.531873560699645e-01    -7.835973941080752e-01     1.000000000000000e+00     7.893846858500202e-01    -6.232902221626514e-01    -8.157625094161151e-01    -7.297522537735264e-01     5.840459321989764e-01    -4.268830501637880e-01     5.615503794858201e-01 
Age                          -9.429131759254463e-01     8.894153791322444e-01     8.270420425731645e-01    -8.472842619881739e-02     1.286311876839282e-01    -9.410180459279168e-01    -9.429131759254464e-01    -9.405055630713435e-01     7.893846858500202e-01     1.000000000000000e+00    -9.298884680475606e-01    -7.774482189066200e-01    -9.781900536850565e-01     4.643625136923590e-01    -2.802872133683902e-01     8.900981954886837e-01 
Teff                          7.668887184744678e-01    -9.944457542137681e-01    -5.697267039546978e-01     2.038839965432596e-01    -2.682469216881329e-01     7.631129119369241e-01     7.668887184744680e-01     7.680895511383508e-01    -6.232902221626514e-01    -9.298884680475606e-01     1.000000000000000e+00     5.022261830025164e-01     9.814828015252651e-01    -5.971693359688676e-01    -7.682985460058396e-02    -9.942751499163500e-01 
Xc                            9.356519229511500e-01    -4.107966029741941e-01    -9.928147736840275e-01    -1.407509738892291e-01     1.453706505067187e-01     9.367674521290414e-01     9.356519229511500e-01     9.258890935093036e-01    -8.157625094161151e-01    -7.774482189066200e-01     5.022261830025164e-01     1.000000000000000e+00     6.549169551066392e-01    -5.829530922379853e-02     8.026481780929271e-01    -4.111991472614683e-01 
Luminosity                    8.740040736721268e-01    -9.561316284512263e-01    -7.131764445872691e-01     1.351207027289255e-01    -1.900947558165483e-01     8.713399016187957e-01     8.740040736721270e-01     8.706281807766137e-01    -7.297522537735264e-01    -9.781900536850565e-01     9.814828015252651e-01     6.549169551066392e-01     1.000000000000000e+00    -5.407135810099667e-01     1.066429001548567e-01    -9.559280669100947e-01 
Dnu                          -2.794859361152353e-01     6.274389376252901e-01     1.085360377146548e-01     4.158033109618252e-01    -3.853499067314213e-01    -3.106360203475841e-01    -2.794859361152353e-01    -1.977230471218168e-01     5.840459321989764e-01     4.643625136923590e-01    -5.971693359688676e-01    -5.829530922379853e-02    -5.407135810099667e-01     1.000000000000000e+00     4.533150710225279e-01     6.280228763103504e-01 
numax                         5.693420881963597e-01     1.772656237222596e-01    -7.617527578497072e-01    -1.349260439438567e-01     1.766651124694516e-01     5.636829428197728e-01     5.693420881963599e-01     5.794114794407670e-01    -4.268830501637880e-01    -2.802872133683902e-01    -7.682985460058396e-02     8.026481780929271e-01     1.066429001548567e-01     4.533150710225279e-01     1.000000000000000e+00     1.762928868435658e-01 
Fe_H                         -6.972421106163620e-01     9.999267745353478e-01     4.836333643206162e-01    -2.281276239886662e-01     2.962053170677085e-01    -6.934281914401668e-01    -6.972421106163618e-01    -6.997007429231633e-01     5.615503794858201e-01     8.900981954886837e-01    -9.942751499163500e-01    -4.111991472614683e-01    -9.559280669100947e-01     6.280228763103504e-01     1.762928868435658e-01     1.000000000000000e+00 
