Summary
=======
Mass                          9.995787961900143e-01     3.111929220496396e-03
log_Z                        -1.628971425523341e+00     2.183346161839636e-02
Age                           5.165016314324978e+03     4.262983084078467e+01
A3_surf                      -3.288643955532297e-16     5.428425697251452e-17
Am1_surf                     -7.509857762233158e-09     2.155115664738224e-10
Radius                        9.993877808919602e-01     1.192599139835741e-03
Mass                          9.995787961900143e-01     3.111929220496397e-03
log_g                         4.438406442171933e+00     3.192085056576866e-04
Rho                           1.411766713623819e+00     6.843396318485510e-04
Age                           5.165016314324978e+03     4.262983084078463e+01
Teff                          5.645044526892667e+03     1.689359724984103e+01
X                             6.973521131646223e-01     2.669318955598532e-03
numax                         3.141236723662155e+03     6.836992889187538e+00
Dnu                           1.378074399294058e+02     1.391115199201196e-02
Luminosity                    9.137877064822280e-01     8.902717896049989e-03
Fe_H                          1.617527318159941e-01     2.370457532846896e-02
M_H                           1.617527318159941e-01     2.370457532846896e-02

Correlation matrix
==================
                          Mass                      log_Z                     Age                       A3_surf                   Am1_surf                  Radius                    Mass                      log_g                     Rho                       Age                       Teff                      X                         numax                     Dnu                       Luminosity                Fe_H                      M_H                       
Mass                          1.000000000000000e+00     9.698985933420701e-01    -2.177375023591955e-01     6.762832506379219e-01     9.418514936161728e-01     9.992053876624798e-01     1.000000000000001e+00     9.918128219493914e-01    -9.563265679355814e-01    -2.177375023591963e-01    -9.424349063813613e-01    -9.698985933420707e-01     9.821050088929172e-01    -9.527386825383937e-01    -9.146396109241479e-01     9.652491100595402e-01     9.652491100595402e-01 
log_Z                         9.698985933420701e-01     1.000000000000000e+00     2.517067517052664e-02     7.359104304614804e-01     9.390452239844177e-01     9.783101193759322e-01     9.698985933420701e-01     9.325261495387994e-01    -9.949323243468651e-01     2.517067517052544e-02    -9.954906973658545e-01    -1.000000000000002e+00     9.982519678630242e-01    -9.924096407790387e-01    -9.855156952513654e-01     9.987317690846549e-01     9.987317690846549e-01 
Age                          -2.177375023591955e-01     2.517067517052664e-02     1.000000000000000e+00     1.504976047610887e-01    -1.000910385216087e-01    -1.819587841456545e-01    -2.177375023591962e-01    -3.304191028006535e-01    -5.349166070765048e-02     9.999999999999997e-01    -1.195456030997062e-01    -2.517067517052491e-02    -3.038097694598843e-02    -6.237517517870683e-02    -1.933707960452772e-01     3.727037620806974e-02     3.727037620806974e-02 
A3_surf                       6.762832506379219e-01     7.359104304614804e-01     1.504976047610887e-01     1.000000000000000e+00     4.727746870239056e-01     6.859449692405992e-01     6.762832506379216e-01     6.395082848841936e-01    -7.200447525866666e-01     1.504976047610870e-01    -7.473353925178325e-01    -7.359104304614829e-01     7.277136234005860e-01    -6.838008331210951e-01    -7.539089884839696e-01     7.494031081275844e-01     7.494031081275844e-01 
Am1_surf                      9.418514936161728e-01     9.390452239844177e-01    -1.000910385216087e-01     4.727746870239056e-01     1.000000000000000e+00     9.471159614480767e-01     9.418514936161746e-01     9.143711807535786e-01    -9.453565903436109e-01    -1.000910385216091e-01    -9.224552665375609e-01    -9.390452239844187e-01     9.425464170910147e-01    -9.589095188275145e-01    -9.022240887260999e-01     9.311354615222562e-01     9.311354615222562e-01 
Radius                        9.992053876624798e-01     9.783101193759322e-01    -1.819587841456545e-01     6.859449692405992e-01     9.471159614480767e-01     1.000000000000000e+00     9.992053876624808e-01     9.859411499253552e-01    -9.672135587311661e-01    -1.819587841456553e-01    -9.542635388977734e-01    -9.783101193759329e-01     9.882069858144480e-01    -9.637058948311654e-01    -9.290570392065663e-01     9.741192739932130e-01     9.741192739932130e-01 
Mass                          1.000000000000001e+00     9.698985933420701e-01    -2.177375023591962e-01     6.762832506379216e-01     9.418514936161746e-01     9.992053876624808e-01     1.000000000000000e+00     9.918128219493921e-01    -9.563265679355810e-01    -2.177375023591969e-01    -9.424349063813611e-01    -9.698985933420711e-01     9.821050088929164e-01    -9.527386825383936e-01    -9.146396109241480e-01     9.652491100595402e-01     9.652491100595402e-01 
log_g                         9.918128219493914e-01     9.325261495387994e-01    -3.304191028006535e-01     6.395082848841936e-01     9.143711807535786e-01     9.859411499253552e-01     9.918128219493921e-01     1.000000000000000e+00    -9.111821987271754e-01    -3.304191028006545e-01    -8.944060555428032e-01    -9.325261495387995e-01     9.519843336047340e-01    -9.073355703293797e-01    -8.586501903294759e-01     9.267482908940867e-01     9.267482908940867e-01 
Rho                          -9.563265679355814e-01    -9.949323243468651e-01    -5.349166070765048e-02    -7.200447525866666e-01    -9.453565903436109e-01    -9.672135587311661e-01    -9.563265679355810e-01    -9.111821987271754e-01     1.000000000000000e+00    -5.349166070764952e-02     9.935865185916725e-01     9.949323243468687e-01    -9.897517522192868e-01     9.971851524043928e-01     9.858022695942044e-01    -9.935053165797066e-01    -9.935053165797066e-01 
Age                          -2.177375023591963e-01     2.517067517052544e-02     9.999999999999997e-01     1.504976047610870e-01    -1.000910385216091e-01    -1.819587841456553e-01    -2.177375023591969e-01    -3.304191028006545e-01    -5.349166070764952e-02     1.000000000000000e+00    -1.195456030997052e-01    -2.517067517052394e-02    -3.038097694598960e-02    -6.237517517870596e-02    -1.933707960452765e-01     3.727037620806872e-02     3.727037620806872e-02 
Teff                         -9.424349063813613e-01    -9.954906973658545e-01    -1.195456030997062e-01    -7.473353925178325e-01    -9.224552665375609e-01    -9.542635388977734e-01    -9.424349063813611e-01    -8.944060555428032e-01     9.935865185916725e-01    -1.195456030997052e-01     1.000000000000000e+00     9.954906973658534e-01    -9.883732408657996e-01     9.915863932575604e-01     9.971426954869314e-01    -9.955971792368512e-01    -9.955971792368512e-01 
X                            -9.698985933420707e-01    -1.000000000000002e+00    -2.517067517052491e-02    -7.359104304614829e-01    -9.390452239844187e-01    -9.783101193759329e-01    -9.698985933420711e-01    -9.325261495387995e-01     9.949323243468687e-01    -2.517067517052394e-02     9.954906973658534e-01     1.000000000000000e+00    -9.982519678630256e-01     9.924096407790379e-01     9.855156952513661e-01    -9.987317690846549e-01    -9.987317690846549e-01 
numax                         9.821050088929172e-01     9.982519678630242e-01    -3.038097694598843e-02     7.277136234005860e-01     9.425464170910147e-01     9.882069858144480e-01     9.821050088929164e-01     9.519843336047340e-01    -9.897517522192868e-01    -3.038097694598960e-02    -9.883732408657996e-01    -9.982519678630256e-01     1.000000000000000e+00    -9.870816296851352e-01    -9.742285838511815e-01     9.961546666267161e-01     9.961546666267161e-01 
Dnu                          -9.527386825383937e-01    -9.924096407790387e-01    -6.237517517870683e-02    -6.838008331210951e-01    -9.589095188275145e-01    -9.637058948311654e-01    -9.527386825383936e-01    -9.073355703293797e-01     9.971851524043928e-01    -6.237517517870596e-02     9.915863932575604e-01     9.924096407790379e-01    -9.870816296851352e-01     1.000000000000000e+00     9.842154756201061e-01    -9.909959048719380e-01    -9.909959048719380e-01 
Luminosity                   -9.146396109241479e-01    -9.855156952513654e-01    -1.933707960452772e-01    -7.539089884839696e-01    -9.022240887260999e-01    -9.290570392065663e-01    -9.146396109241480e-01    -8.586501903294759e-01     9.858022695942044e-01    -1.933707960452765e-01     9.971426954869314e-01     9.855156952513661e-01    -9.742285838511815e-01     9.842154756201061e-01     1.000000000000000e+00    -9.870439464110834e-01    -9.870439464110834e-01 
Fe_H                          9.652491100595402e-01     9.987317690846549e-01     3.727037620806974e-02     7.494031081275844e-01     9.311354615222562e-01     9.741192739932130e-01     9.652491100595402e-01     9.267482908940867e-01    -9.935053165797066e-01     3.727037620806872e-02    -9.955971792368512e-01    -9.987317690846549e-01     9.961546666267161e-01    -9.909959048719380e-01    -9.870439464110834e-01     1.000000000000000e+00     1.000000000000000e+00 
M_H                           9.652491100595402e-01     9.987317690846549e-01     3.727037620806974e-02     7.494031081275844e-01     9.311354615222562e-01     9.741192739932130e-01     9.652491100595402e-01     9.267482908940867e-01    -9.935053165797066e-01     3.727037620806872e-02    -9.955971792368512e-01    -9.987317690846549e-01     9.961546666267161e-01    -9.909959048719380e-01    -9.870439464110834e-01     1.000000000000000e+00     1.000000000000000e+00 
