Summary
=======
Mass                          1.001309553224176e+00     2.431943266214900e-03
log_Z                        -1.606345824554146e+00     2.226644697013282e-02
Age                           5.240362833185461e+03     6.014498825663706e+01
A3_surf                      -2.950511697141096e-16     5.705818616750206e-17
Am1_surf                     -7.277183256436775e-09     3.634175826516786e-10
Radius                        1.000170281520247e+00     9.908626499995042e-04
Mass                          1.001309553224176e+00     2.431943266214906e-03
log_g                         4.438478577790021e+00     2.056534799089999e-04
Rho                           1.410896277735370e+00     8.132508743688142e-04
Age                           5.240362833185461e+03     6.014498825663713e+01
Teff                          5.624754421889922e+03     1.874283120561301e+01
X                             6.945859487054791e-01     2.722254950223995e-03
numax                         3.147420961651829e+03     6.486658298240019e+00
Dnu                           1.377899352563861e+02     1.839837986166569e-02
Luminosity                    9.021446310640985e-01     1.031148954347241e-02
Fe_H                          1.854042430548264e-01     2.253285928400380e-02
M_H                           1.854042430548264e-01     2.253285928400380e-02

Correlation matrix
==================
                          Mass                      log_Z                     Age                       A3_surf                   Am1_surf                  Radius                    Mass                      log_g                     Rho                       Age                       Teff                      X                         numax                     Dnu                       Luminosity                Fe_H                      M_H                       
Mass                          1.000000000000000e+00     9.581953815003393e-01     5.268236770698370e-01    -5.106847670869744e-01     8.843550734428967e-01     9.974585290784065e-01     9.999999999999999e-01     9.543458714839318e-01    -9.299913100163614e-01     5.268236770698362e-01    -9.334723784670033e-01    -9.581953815003390e-01     9.746762367083256e-01    -9.045869003588989e-01    -9.142863981202933e-01     9.591179051440859e-01     9.591179051440859e-01 
log_Z                         9.581953815003393e-01     1.000000000000000e+00     7.476668548383050e-01    -5.797249692527894e-01     9.550790949878222e-01     9.757740470176069e-01     9.581953815003402e-01     8.306538219027920e-01    -9.943041325658358e-01     7.476668548383031e-01    -9.970631563603292e-01    -1.000000000000000e+00     9.978043647368744e-01    -9.821693252480801e-01    -9.919560552525959e-01     9.998984369841279e-01     9.998984369841279e-01 
Age                           5.268236770698370e-01     7.476668548383050e-01     1.000000000000000e+00    -5.344605228847763e-01     7.868978516497058e-01     5.847198228615152e-01     5.268236770698382e-01     2.547014999974070e-01    -7.953952489942562e-01     1.000000000000001e+00    -7.962333891051577e-01    -7.476668548383036e-01     7.031349368400411e-01    -8.202208784259963e-01    -8.255370826401826e-01     7.451253962300398e-01     7.451253962300398e-01 
A3_surf                      -5.106847670869744e-01    -5.797249692527894e-01    -5.344605228847763e-01     1.000000000000000e+00    -7.718392043508611e-01    -5.402448803730994e-01    -5.106847670869755e-01    -3.578143035478709e-01     6.342357267922358e-01    -5.344605228847750e-01     5.897690819500527e-01     5.797249692527876e-01    -5.597929000150736e-01     6.752779734071851e-01     5.928018384312573e-01    -5.771049267412934e-01    -5.771049267412934e-01 
Am1_surf                      8.843550734428967e-01     9.550790949878222e-01     7.868978516497058e-01    -7.718392043508611e-01     1.000000000000000e+00     9.117754790195803e-01     8.843550734428977e-01     7.192232700297961e-01    -9.757409818596477e-01     7.868978516497047e-01    -9.605251449817114e-01    -9.550790949878221e-01     9.428353123376408e-01    -9.881529616205071e-01    -9.602811495983545e-01     9.529183116540146e-01     9.529183116540146e-01 
Radius                        9.974585290784065e-01     9.757740470176069e-01     5.847198228615152e-01    -5.402448803730994e-01     9.117754790195803e-01     1.000000000000000e+00     9.974585290784062e-01     9.306406791210002e-01    -9.538168626745721e-01     5.847198228615148e-01    -9.561864801154039e-01    -9.757740470176074e-01     9.876409277420164e-01    -9.321744458922875e-01    -9.402549739389934e-01     9.763699234567706e-01     9.763699234567706e-01 
Mass                          9.999999999999999e-01     9.581953815003402e-01     5.268236770698382e-01    -5.106847670869755e-01     8.843550734428977e-01     9.974585290784062e-01     1.000000000000000e+00     9.543458714839326e-01    -9.299913100163620e-01     5.268236770698377e-01    -9.334723784670044e-01    -9.581953815003393e-01     9.746762367083254e-01    -9.045869003588994e-01    -9.142863981202949e-01     9.591179051440861e-01     9.591179051440861e-01 
log_g                         9.543458714839318e-01     8.306538219027920e-01     2.547014999974070e-01    -3.578143035478709e-01     7.192232700297961e-01     9.306406791210002e-01     9.543458714839326e-01     1.000000000000000e+00    -7.777387855346597e-01     2.547014999974060e-01    -7.858161526584340e-01    -8.306538219027902e-01     8.655450980967214e-01    -7.378133990125607e-01    -7.540914316926425e-01     8.329457845983620e-01     8.329457845983620e-01 
Rho                          -9.299913100163614e-01    -9.943041325658358e-01    -7.953952489942562e-01     6.342357267922358e-01    -9.757409818596477e-01    -9.538168626745721e-01    -9.299913100163620e-01    -7.777387855346597e-01     1.000000000000000e+00    -7.953952489942555e-01     9.974692332117595e-01     9.943041325658353e-01    -9.860457089111281e-01     9.955651079694801e-01     9.961509025169494e-01    -9.934582049060666e-01    -9.934582049060666e-01 
Age                           5.268236770698362e-01     7.476668548383031e-01     1.000000000000001e+00    -5.344605228847750e-01     7.868978516497047e-01     5.847198228615148e-01     5.268236770698377e-01     2.547014999974060e-01    -7.953952489942555e-01     1.000000000000000e+00    -7.962333891051564e-01    -7.476668548383028e-01     7.031349368400402e-01    -8.202208784259957e-01    -8.255370826401820e-01     7.451253962300387e-01     7.451253962300387e-01 
Teff                         -9.334723784670033e-01    -9.970631563603292e-01    -7.962333891051577e-01     5.897690819500527e-01    -9.605251449817114e-01    -9.561864801154039e-01    -9.334723784670044e-01    -7.858161526584340e-01     9.974692332117595e-01    -7.962333891051564e-01     1.000000000000000e+00     9.970631563603287e-01    -9.899020935877128e-01     9.890829178687428e-01     9.987331830511633e-01    -9.966797507549215e-01    -9.966797507549215e-01 
X                            -9.581953815003390e-01    -1.000000000000000e+00    -7.476668548383036e-01     5.797249692527876e-01    -9.550790949878221e-01    -9.757740470176074e-01    -9.581953815003393e-01    -8.306538219027902e-01     9.943041325658353e-01    -7.476668548383028e-01     9.970631563603287e-01     1.000000000000000e+00    -9.978043647368753e-01     9.821693252480794e-01     9.919560552525946e-01    -9.998984369841262e-01    -9.998984369841262e-01 
numax                         9.746762367083256e-01     9.978043647368744e-01     7.031349368400411e-01    -5.597929000150736e-01     9.428353123376408e-01     9.876409277420164e-01     9.746762367083254e-01     8.655450980967214e-01    -9.860457089111281e-01     7.031349368400402e-01    -9.899020935877128e-01    -9.978043647368753e-01     1.000000000000000e+00    -9.701485507902106e-01    -9.815982289376570e-01     9.979998937026011e-01     9.979998937026011e-01 
Dnu                          -9.045869003588989e-01    -9.821693252480801e-01    -8.202208784259963e-01     6.752779734071851e-01    -9.881529616205071e-01    -9.321744458922875e-01    -9.045869003588994e-01    -7.378133990125607e-01     9.955651079694801e-01    -8.202208784259957e-01     9.890829178687428e-01     9.821693252480794e-01    -9.701485507902106e-01     1.000000000000000e+00     9.900746144703860e-01    -9.806588588514569e-01    -9.806588588514569e-01 
Luminosity                   -9.142863981202933e-01    -9.919560552525959e-01    -8.255370826401826e-01     5.928018384312573e-01    -9.602811495983545e-01    -9.402549739389934e-01    -9.142863981202949e-01    -7.540914316926425e-01     9.961509025169494e-01    -8.255370826401820e-01     9.987331830511633e-01     9.919560552525946e-01    -9.815982289376570e-01     9.900746144703860e-01     1.000000000000000e+00    -9.914306923632852e-01    -9.914306923632852e-01 
Fe_H                          9.591179051440859e-01     9.998984369841279e-01     7.451253962300398e-01    -5.771049267412934e-01     9.529183116540146e-01     9.763699234567706e-01     9.591179051440861e-01     8.329457845983620e-01    -9.934582049060666e-01     7.451253962300387e-01    -9.966797507549215e-01    -9.998984369841262e-01     9.979998937026011e-01    -9.806588588514569e-01    -9.914306923632852e-01     1.000000000000000e+00     1.000000000000000e+00 
M_H                           9.591179051440859e-01     9.998984369841279e-01     7.451253962300398e-01    -5.771049267412934e-01     9.529183116540146e-01     9.763699234567706e-01     9.591179051440861e-01     8.329457845983620e-01    -9.934582049060666e-01     7.451253962300387e-01    -9.966797507549215e-01    -9.998984369841262e-01     9.979998937026011e-01    -9.806588588514569e-01    -9.914306923632852e-01     1.000000000000000e+00     1.000000000000000e+00 
