Summary
=======
Mass                          1.407818487806203e+00     3.204795330906824e-03
log_Z                        -2.015545495863214e+00     2.655589910737502e-02
mHe                           3.464779217358447e+32     3.602879701896397e+17
A3_surf                       5.541446814233263e-11     4.824889588586748e-12
Am1_surf                     -4.748365357459013e-06     2.075061732690576e-07
Radius                        1.098522977164737e+01     1.295738596886413e-02
Mass                          1.407818487806203e+00     3.204795330906841e-03
log_g                         2.504995478411305e+00     6.825647518628552e-04
Rho                           1.497220489428803e-03     3.441504158772234e-06
Age                           2.875608945092313e+03     8.022725251558138e+01
Teff                          4.670543561857708e+03     1.511039576668742e+01
Xc                            4.862471808631721e-34     3.707621220014206e-36
Luminosity                    5.173852243689114e+01     7.546957491930694e-01
Dnu                           4.087189066647441e+00     4.851900538188066e-03
numax                         4.007514410110861e+01     6.942198537686262e-02
Fe_H                         -2.638454188443590e-01     2.770021972899481e-02

Correlation matrix
==================
                          Mass                      log_Z                     mHe                       A3_surf                   Am1_surf                  Radius                    Mass                      log_g                     Rho                       Age                       Teff                      Xc                        Luminosity                Dnu                       numax                     Fe_H                      
Mass                          1.000000000000000e+00    -9.940036497450215e-01     1.983286344273514e-13     5.699238449761489e-02    -7.608903707112954e-02     7.708685685057215e-01     1.000000000000000e+00     2.925544804191195e-01    -1.953746705533211e-01    -9.967685627667731e-01     9.919840835431153e-01    -9.741579664302664e-01     9.999494217178192e-01    -1.674496630013816e-01    -6.623280230409857e-01    -9.937873429754053e-01 
log_Z                        -9.940036497450215e-01     1.000000000000000e+00     1.243758866873600e-14    -1.566644737245838e-01     1.818730966204487e-01    -6.965969599922673e-01    -9.940036497450221e-01    -3.953574173655494e-01     8.696938363465248e-02     9.995663344336058e-01    -9.998531590689659e-01     9.925019297169437e-01    -9.948298543698816e-01     5.864908590717099e-02     5.764380668900835e-01     9.996073158827907e-01 
mHe                           1.983286344273514e-13     1.243758866873600e-14     1.000000000000000e+00     2.397485717815047e-15    -1.188872321248679e-14    -1.302376113118262e-13     2.095874652027021e-13    -2.846455648041434e-13    -5.198115422993674e-14    -6.093358389756723e-15    -1.000658728629031e-13     4.411809905894745e-14     2.471425979760099e-15    -2.150929589206668e-13    -1.113069902775561e-13    -3.557094290206852e-16 
A3_surf                       5.699238449761489e-02    -1.566644737245838e-01     2.397485717815047e-15     1.000000000000000e+00    -9.707894820127848e-01    -5.382015054265972e-01     5.699238449762078e-02     8.906641479939748e-01     8.851295628351015e-01    -1.304454078658646e-01     1.721165716179131e-01    -2.609285218732649e-01     6.388702850038601e-02     8.914050100730687e-01     6.467611764020127e-01    -1.526876667684240e-01 
Am1_surf                     -7.608903707112954e-02     1.818730966204487e-01    -1.188872321248679e-14    -9.707894820127848e-01     1.000000000000000e+00     5.600299345253769e-01    -7.608903707113525e-02    -9.510739165249377e-01    -9.376777149994446e-01     1.539947335437436e-01    -1.982541579588644e-01     2.914733682085227e-01    -8.359905748058732e-02    -9.447880123763877e-01    -6.771820618063473e-01     1.788704421367716e-01 
Radius                        7.708685685057215e-01    -6.965969599922673e-01    -1.302376113118262e-13    -5.382015054265972e-01     5.600299345253769e-01     1.000000000000000e+00     7.708685685057176e-01    -3.836033751905532e-01    -7.753254634517803e-01    -7.172697523271506e-01     6.842010388226960e-01    -6.101270140401412e-01     7.657285443933720e-01    -7.570812070088137e-01    -9.878115566217390e-01    -6.974257807094025e-01 
Mass                          1.000000000000000e+00    -9.940036497450221e-01     2.095874652027021e-13     5.699238449762078e-02    -7.608903707113525e-02     7.708685685057176e-01     1.000000000000000e+00     2.925544804191254e-01    -1.953746705533150e-01    -9.967685627667735e-01     9.919840835431160e-01    -9.741579664302676e-01     9.999494217178190e-01    -1.674496630013755e-01    -6.623280230409810e-01    -9.937873429754058e-01 
log_g                         2.925544804191195e-01    -3.953574173655494e-01    -2.846455648041434e-13     8.906641479939748e-01    -9.510739165249377e-01    -3.836033751905532e-01     2.925544804191254e-01     1.000000000000000e+00     8.806619662356797e-01    -3.683337260537979e-01     4.110383608678010e-01    -4.964155116808118e-01     3.001917664805589e-01     8.937580654809345e-01     5.226647050476524e-01    -3.937679816910041e-01 
Rho                          -1.953746705533211e-01     8.696938363465248e-02    -5.198115422993674e-14     8.851295628351015e-01    -9.376777149994446e-01    -7.753254634517803e-01    -1.953746705533150e-01     8.806619662356797e-01     1.000000000000000e+00     1.160565752531935e-01    -6.988657804283749e-02    -2.648378773732318e-02    -1.875128273060072e-01     9.995962282197316e-01     8.641757114632544e-01     8.847518428628308e-02 
Age                          -9.967685627667731e-01     9.995663344336058e-01    -6.093358389756723e-15    -1.304454078658646e-01     1.539947335437436e-01    -7.172697523271506e-01    -9.967685627667735e-01    -3.683337260537979e-01     1.160565752531935e-01     1.000000000000000e+00    -9.989187029049522e-01     9.889209288841305e-01    -9.973488605488633e-01     8.781053265743788e-02     6.000809848724836e-01     9.991604101486299e-01 
Teff                          9.919840835431153e-01    -9.998531590689659e-01    -1.000658728629031e-13     1.721165716179131e-01    -1.982541579588644e-01     6.842010388226960e-01     9.919840835431160e-01     4.110383608678010e-01    -6.988657804283749e-02    -9.989187029049522e-01     1.000000000000000e+00    -9.942976297139512e-01     9.929457897568833e-01    -4.153502479732007e-02    -5.623519980819982e-01    -9.994293592204129e-01 
Xc                           -9.741579664302664e-01     9.925019297169437e-01     4.411809905894745e-14    -2.609285218732649e-01     2.914733682085227e-01    -6.101270140401412e-01    -9.741579664302676e-01    -4.964155116808118e-01    -2.648378773732318e-02     9.889209288841305e-01    -9.942976297139512e-01     1.000000000000000e+00    -9.757145418173242e-01    -5.480198982767973e-02     4.796358009329167e-01     9.911549474500350e-01 
Luminosity                    9.999494217178192e-01    -9.948298543698816e-01     2.471425979760099e-15     6.388702850038601e-02    -8.359905748058732e-02     7.657285443933720e-01     9.999494217178190e-01     3.001917664805589e-01    -1.875128273060072e-01    -9.973488605488633e-01     9.929457897568833e-01    -9.757145418173242e-01     1.000000000000000e+00    -1.595467149247854e-01    -6.562885955215955e-01    -9.947603477487564e-01 
Dnu                          -1.674496630013816e-01     5.864908590717099e-02    -2.150929589206668e-13     8.914050100730687e-01    -9.447880123763877e-01    -7.570812070088137e-01    -1.674496630013755e-01     8.937580654809345e-01     9.995962282197316e-01     8.781053265743788e-02    -4.153502479732007e-02    -5.480198982767973e-02    -1.595467149247854e-01     1.000000000000000e+00     8.495408002138047e-01     6.015805728338949e-02 
numax                        -6.623280230409857e-01     5.764380668900835e-01    -1.113069902775561e-13     6.467611764020127e-01    -6.771820618063473e-01    -9.878115566217390e-01    -6.623280230409810e-01     5.226647050476524e-01     8.641757114632544e-01     6.000809848724836e-01    -5.623519980819982e-01     4.796358009329167e-01    -6.562885955215955e-01     8.495408002138047e-01     1.000000000000000e+00     5.774341808397534e-01 
Fe_H                         -9.937873429754053e-01     9.996073158827907e-01    -3.557094290206852e-16    -1.526876667684240e-01     1.788704421367716e-01    -6.974257807094025e-01    -9.937873429754058e-01    -3.937679816910041e-01     8.847518428628308e-02     9.991604101486299e-01    -9.994293592204129e-01     9.911549474500350e-01    -9.947603477487564e-01     6.015805728338949e-02     5.774341808397534e-01     1.000000000000000e+00 
