Summary
=======
Mass                          1.011703915540789e+00     4.084025942049635e-03
log_Z                        -1.756177528005415e+00     1.380691465565175e-02
Age                           3.746177326135970e+03     1.640920865141103e+02
Radius                        1.004081131857209e+00     1.294754395480488e-03
Mass                          1.011703915540789e+00     4.084025942049643e-03
log_g                         4.439811737093834e+00     6.395852045661843e-04
Rho                           1.410111226093756e+00     5.644554086684195e-04
Age                           3.746177326135969e+03     1.640920865141103e+02
Teff                          5.806939244380487e+03     1.314064741189723e+01
X                             7.128739089770586e-01     1.667638390901709e-03
numax                         3.106800784644436e+03     5.034363400694109e+00
Dnu                           1.372470545632047e+02     4.087840325458968e-02
Luminosity                    1.028463503836286e+00     9.695179866835078e-03
Fe_H                          3.773262845408752e-03     1.645112490822646e-02
M_H                           3.773262845408752e-03     1.645112490822646e-02

Correlation matrix
==================
                          Mass                      log_Z                     Age                       Radius                    Mass                      log_g                     Rho                       Age                       Teff                      X                         numax                     Dnu                       Luminosity                Fe_H                      M_H                       
Mass                          1.000000000000000e+00     4.718831077890768e-01    -8.959840765217344e-01     9.958107954898152e-01     1.000000000000001e+00     9.858714454691975e-01     4.260783992414404e-01    -8.959840765217343e-01     1.069245696911091e-01    -5.052728431633886e-01     8.290104962403319e-01     5.281822163736570e-01     3.842517155917430e-01     5.030877007886523e-01     5.030877007886523e-01 
log_Z                         4.718831077890768e-01     1.000000000000000e+00    -3.139060311001075e-02     5.476555714153803e-01     4.718831077890748e-01     3.220154946859515e-01    -5.706099168296394e-01    -3.139060311001070e-02    -8.261468050005755e-01    -9.969473024426625e-01     8.830495846864395e-01     6.419850914352869e-01    -6.325930316078852e-01     9.967937797932366e-01     9.967937797932366e-01 
Age                          -8.959840765217344e-01    -3.139060311001075e-02     1.000000000000000e+00    -8.529909802912791e-01    -8.959840765217355e-01    -9.555914844334834e-01    -7.712057746061168e-01     1.000000000000000e+00    -5.372061450294823e-01     7.106467592610767e-02    -4.952758191947401e-01    -2.752012385004461e-01    -7.540954365682808e-01    -6.844583060922423e-02    -6.844583060922423e-02 
Radius                        9.958107954898152e-01     5.476555714153803e-01    -8.529909802912791e-01     1.000000000000000e+00     9.958107954898137e-01     9.664368759953328e-01     3.415917280286256e-01    -8.529909802912790e-01     1.879732632130329e-02    -5.776855361399307e-01     8.737972529177340e-01     5.612483484442827e-01     3.013195204642520e-01     5.758373689680916e-01     5.758373689680916e-01 
Mass                          1.000000000000001e+00     4.718831077890748e-01    -8.959840765217355e-01     9.958107954898137e-01     1.000000000000000e+00     9.858714454691985e-01     4.260783992414424e-01    -8.959840765217343e-01     1.069245696911109e-01    -5.052728431633871e-01     8.290104962403314e-01     5.281822163736551e-01     3.842517155917448e-01     5.030877007886502e-01     5.030877007886502e-01 
log_g                         9.858714454691975e-01     3.220154946859515e-01    -9.555914844334834e-01     9.664368759953328e-01     9.858714454691985e-01     1.000000000000000e+00     5.715757437537350e-01    -9.555914844334836e-01     2.669136208609069e-01    -3.606389073870452e-01     7.282733471728390e-01     4.556614944599619e-01     5.286315882954148e-01     3.579769011238700e-01     3.579769011238700e-01 
Rho                           4.260783992414404e-01    -5.706099168296394e-01    -7.712057746061168e-01     3.415917280286256e-01     4.260783992414424e-01     5.715757437537350e-01     1.000000000000000e+00    -7.712057746061165e-01     9.158169360716032e-01     5.250616988355626e-01    -1.261623249176608e-01    -1.255468112594740e-01     9.709476239613128e-01    -5.290146973643906e-01    -5.290146973643906e-01 
Age                          -8.959840765217343e-01    -3.139060311001070e-02     1.000000000000000e+00    -8.529909802912790e-01    -8.959840765217343e-01    -9.555914844334836e-01    -7.712057746061165e-01     1.000000000000000e+00    -5.372061450294822e-01     7.106467592610768e-02    -4.952758191947403e-01    -2.752012385004462e-01    -7.540954365682817e-01    -6.844583060922425e-02    -6.844583060922425e-02 
Teff                          1.069245696911091e-01    -8.261468050005755e-01    -5.372061450294823e-01     1.879732632130329e-02     1.069245696911109e-01     2.669136208609069e-01     9.158169360716032e-01    -5.372061450294822e-01     1.000000000000000e+00     8.012857927703610e-01    -4.660210726251465e-01    -3.866613417719200e-01     9.589743440240396e-01    -8.025634874770665e-01    -8.025634874770665e-01 
X                            -5.052728431633886e-01    -9.969473024426625e-01     7.106467592610767e-02    -5.776855361399307e-01    -5.052728431633871e-01    -3.606389073870452e-01     5.250616988355626e-01     7.106467592610768e-02     8.012857927703610e-01     1.000000000000000e+00    -9.009996388577655e-01    -6.539170488512023e-01     6.000331424740319e-01    -9.982815205684450e-01    -9.982815205684450e-01 
numax                         8.290104962403319e-01     8.830495846864395e-01    -4.952758191947401e-01     8.737972529177340e-01     8.290104962403314e-01     7.282733471728390e-01    -1.261623249176608e-01    -4.952758191947403e-01    -4.660210726251465e-01    -9.009996388577655e-01     1.000000000000000e+00     6.918995884584465e-01    -1.965602977317428e-01     8.991763684085755e-01     8.991763684085755e-01 
Dnu                           5.281822163736570e-01     6.419850914352869e-01    -2.752012385004461e-01     5.612483484442827e-01     5.281822163736551e-01     4.556614944599619e-01    -1.255468112594740e-01    -2.752012385004462e-01    -3.866613417719200e-01    -6.539170488512023e-01     6.918995884584465e-01     1.000000000000000e+00    -2.113959576099413e-01     6.720814501881779e-01     6.720814501881779e-01 
Luminosity                    3.842517155917430e-01    -6.325930316078852e-01    -7.540954365682808e-01     3.013195204642520e-01     3.842517155917448e-01     5.286315882954148e-01     9.709476239613128e-01    -7.540954365682817e-01     9.589743440240396e-01     6.000331424740319e-01    -1.965602977317428e-01    -2.113959576099413e-01     1.000000000000000e+00    -6.022097506680716e-01    -6.022097506680716e-01 
Fe_H                          5.030877007886523e-01     9.967937797932366e-01    -6.844583060922423e-02     5.758373689680916e-01     5.030877007886502e-01     3.579769011238700e-01    -5.290146973643906e-01    -6.844583060922425e-02    -8.025634874770665e-01    -9.982815205684450e-01     8.991763684085755e-01     6.720814501881779e-01    -6.022097506680716e-01     1.000000000000000e+00     1.000000000000000e+00 
M_H                           5.030877007886523e-01     9.967937797932366e-01    -6.844583060922423e-02     5.758373689680916e-01     5.030877007886502e-01     3.579769011238700e-01    -5.290146973643906e-01    -6.844583060922425e-02    -8.025634874770665e-01    -9.982815205684450e-01     8.991763684085755e-01     6.720814501881779e-01    -6.022097506680716e-01     1.000000000000000e+00     1.000000000000000e+00 
