Summary
=======
Mass                          1.070524277418294e+00     2.171308044649114e-03
log_Z                        -1.756177753949267e+00     9.999888402301501e-03
mHe                           1.939843481441968e-01     1.259229211214205e-04
Radius                        5.273491703426274e+00     3.821637309014833e-03
Mass                          1.070524277418294e+00     2.171308044649121e-03
log_g                         3.023458286453091e+00     2.520880858741120e-04
Rho                           1.029082776898371e-02     1.664983348265844e-06
Age                           9.631212486792476e+03     1.445306794487909e+02
Teff                          4.663323416471915e+03     5.788105293222123e+00
X                             7.127178933672916e-01     1.019858034551997e-03
numax                         1.329341687325528e+02     4.867116642855596e-02
Dnu                           1.114678740618920e+01     7.030533668529092e-04
Luminosity                    1.184898832845791e+01     7.420340560670431e-02
Fe_H                          5.875770913431980e-03     1.193454879840836e-02
M_H                           5.875770913431980e-03     1.193454879840836e-02
DNl1                          8.640884369080231e+01     4.324279339782650e-02

Correlation matrix
==================
                          Mass                      log_Z                     mHe                       Radius                    Mass                      log_g                     Rho                       Age                       Teff                      X                         numax                     Dnu                       Luminosity                Fe_H                      M_H                       DNl1                      
Mass                          1.000000000000000e+00    -8.093068738846707e-01     9.234954551477769e-01     9.994555354014891e-01     9.999999999999998e-01     9.967806537359911e-01    -8.995624600548817e-01    -9.434477706172304e-01     8.542661202013200e-01     7.585771845522906e-01     1.322532727154774e-01    -2.407923692260259e-01     9.090204532012677e-01    -7.612483934120217e-01    -7.612483934120217e-01    -8.746053956015420e-01 
log_Z                        -8.093068738846707e-01     1.000000000000000e+00    -9.709291259750173e-01    -8.252786566053281e-01    -8.093068738846707e-01    -7.665285370281194e-01     9.462373742191538e-01     9.575962520186477e-01    -9.963324114091940e-01    -9.841256730691738e-01     4.741145411344336e-01    -2.924943741896707e-01    -9.801041821565458e-01     9.857266052462279e-01     9.857266052462279e-01     9.890682187318118e-01 
mHe                           9.234954551477769e-01    -9.709291259750173e-01     1.000000000000000e+00     9.331971049928288e-01     9.234954551477789e-01     8.954437089865110e-01    -9.667124174285864e-01    -9.959662421412155e-01     9.871667601423189e-01     9.345221690587061e-01    -2.539545607608943e-01     1.038761093407633e-01     9.984123762246855e-01    -9.370406235644475e-01    -9.370406235644475e-01    -9.895298370894937e-01 
Radius                        9.994555354014891e-01    -8.252786566053281e-01     9.331971049928288e-01     1.000000000000000e+00     9.994555354014891e-01     9.935966203357881e-01    -9.134779114713784e-01    -9.524584694309766e-01     8.680774304956762e-01     7.774695464487806e-01     1.037521712544119e-01    -2.223302244241116e-01     9.199987738512824e-01    -7.800206333133036e-01    -7.800206333133036e-01    -8.879726244636652e-01 
Mass                          9.999999999999998e-01    -8.093068738846707e-01     9.234954551477789e-01     9.994555354014891e-01     1.000000000000000e+00     9.967806537359915e-01    -8.995624600548822e-01    -9.434477706172307e-01     8.542661202013205e-01     7.585771845522911e-01     1.322532727154772e-01    -2.407923692260261e-01     9.090204532012672e-01    -7.612483934120214e-01    -7.612483934120214e-01    -8.746053956015437e-01 
log_g                         9.967806537359911e-01    -7.665285370281194e-01     8.954437089865110e-01     9.935966203357881e-01     9.967806537359915e-01     1.000000000000000e+00    -8.616572114294904e-01    -9.171911747115639e-01     8.164971113107680e-01     7.093619187561698e-01     2.014742279775436e-01    -2.846105185751010e-01     8.779387893114720e-01    -7.122753448648392e-01    -7.122753448648392e-01    -8.380830616519025e-01 
Rho                          -8.995624600548817e-01     9.462373742191538e-01    -9.667124174285864e-01    -9.134779114713784e-01    -8.995624600548822e-01    -8.616572114294904e-01     1.000000000000000e+00     9.750493590994056e-01    -9.584985283268207e-01    -9.376606404653400e-01     2.591906497752695e-01    -2.632344388660092e-02    -9.704765127668387e-01     9.386006015717111e-01     9.386006015717111e-01     9.702985544692286e-01 
Age                          -9.434477706172304e-01     9.575962520186477e-01    -9.959662421412155e-01    -9.524584694309766e-01    -9.434477706172307e-01    -9.171911747115639e-01     9.750493590994056e-01     1.000000000000000e+00    -9.768346098256699e-01    -9.283479959521465e-01     2.020290185818030e-01    -4.633365624167347e-02    -9.945237552530747e-01     9.302824793426018e-01     9.302824793426018e-01     9.847264928100854e-01 
Teff                          8.542661202013200e-01    -9.963324114091940e-01     9.871667601423189e-01     8.680774304956762e-01     8.542661202013205e-01     8.164971113107680e-01    -9.584985283268207e-01    -9.768346098256699e-01     1.000000000000000e+00     9.711501726346387e-01    -4.010059834265263e-01     2.216504172023287e-01     9.931762573525115e-01    -9.731705526835920e-01    -9.731705526835920e-01    -9.939960339764904e-01 
X                             7.585771845522906e-01    -9.841256730691738e-01     9.345221690587061e-01     7.774695464487806e-01     7.585771845522911e-01     7.093619187561698e-01    -9.376606404653400e-01    -9.283479959521465e-01     9.711501726346387e-01     1.000000000000000e+00    -5.223924448002991e-01     3.444191181279567e-01     9.482835730134848e-01    -9.998679419878566e-01    -9.998679419878566e-01    -9.745451450416661e-01 
numax                         1.322532727154774e-01     4.741145411344336e-01    -2.539545607608943e-01     1.037521712544119e-01     1.322532727154772e-01     2.014742279775436e-01     2.591906497752695e-01     2.020290185818030e-01    -4.010059834265263e-01    -5.223924448002991e-01     1.000000000000000e+00    -8.277845870672378e-01    -2.919438721869233e-01     5.211708347240105e-01     5.211708347240105e-01     3.567246726732646e-01 
Dnu                          -2.407923692260259e-01    -2.924943741896707e-01     1.038761093407633e-01    -2.223302244241116e-01    -2.407923692260261e-01    -2.846105185751010e-01    -2.632344388660092e-02    -4.633365624167347e-02     2.216504172023287e-01     3.444191181279567e-01    -8.277845870672378e-01     1.000000000000000e+00     1.223024423206646e-01    -3.425149948900502e-01    -3.425149948900502e-01    -2.078725082804943e-01 
Luminosity                    9.090204532012677e-01    -9.801041821565458e-01     9.984123762246855e-01     9.199987738512824e-01     9.090204532012672e-01     8.779387893114720e-01    -9.704765127668387e-01    -9.945237552530747e-01     9.931762573525115e-01     9.482835730134848e-01    -2.919438721869233e-01     1.223024423206646e-01     1.000000000000000e+00    -9.505380100538244e-01    -9.505380100538244e-01    -9.927541116200436e-01 
Fe_H                         -7.612483934120217e-01     9.857266052462279e-01    -9.370406235644475e-01    -7.800206333133036e-01    -7.612483934120214e-01    -7.122753448648392e-01     9.386006015717111e-01     9.302824793426018e-01    -9.731705526835920e-01    -9.998679419878566e-01     5.211708347240105e-01    -3.425149948900502e-01    -9.505380100538244e-01     1.000000000000000e+00     1.000000000000000e+00     9.759557571572406e-01 
M_H                          -7.612483934120217e-01     9.857266052462279e-01    -9.370406235644475e-01    -7.800206333133036e-01    -7.612483934120214e-01    -7.122753448648392e-01     9.386006015717111e-01     9.302824793426018e-01    -9.731705526835920e-01    -9.998679419878566e-01     5.211708347240105e-01    -3.425149948900502e-01    -9.505380100538244e-01     1.000000000000000e+00     1.000000000000000e+00     9.759557571572406e-01 
DNl1                         -8.746053956015420e-01     9.890682187318118e-01    -9.895298370894937e-01    -8.879726244636652e-01    -8.746053956015437e-01    -8.380830616519025e-01     9.702985544692286e-01     9.847264928100854e-01    -9.939960339764904e-01    -9.745451450416661e-01     3.567246726732646e-01    -2.078725082804943e-01    -9.927541116200436e-01     9.759557571572406e-01     9.759557571572406e-01     1.000000000000000e+00 
