Summary
=======
Mass                          1.070303690343293e+00     2.061460154661760e-03
log_Z                        -1.755524627505551e+00     9.773603667886040e-03
mHe                           1.939738815473946e-01     1.217397576425357e-04
Radius                        5.273109720031210e+00     3.638462377916906e-03
Mass                          1.070303690343293e+00     2.061460154661768e-03
log_g                         3.023431772783075e+00     2.381190998245902e-04
Rho                           1.029094469758054e-02     1.636684190048722e-06
Age                           9.643560696907974e+03     1.403530825755035e+02
Teff                          4.662898423092174e+03     5.617362329713452e+00
X                             7.126658468919453e-01     1.021910541614136e-03
numax                         1.329321071570304e+02     4.649515073313039e-02
Dnu                           1.114682947247396e+01     6.865072234215848e-04
Luminosity                    1.184294135406250e+01     7.169665510806116e-02
Fe_H                          6.487596463878734e-03     1.192303735470452e-02
M_H                           6.487596463878734e-03     1.192303735470452e-02
DNl1                          8.641186930236159e+01     4.263003872437825e-02

Correlation matrix
==================
                          Mass                      log_Z                     mHe                       Radius                    Mass                      log_g                     Rho                       Age                       Teff                      X                         numax                     Dnu                       Luminosity                Fe_H                      M_H                       DNl1                      
Mass                          1.000000000000000e+00    -8.163257300212228e-01     9.252006493686989e-01     9.994239890814626e-01     9.999999999999996e-01     9.965295365399364e-01    -9.001832713761775e-01    -9.441460750849089e-01     8.585867718463686e-01     7.707953823939718e-01     8.320526018202065e-02    -1.631929355778240e-01     9.108269464460720e-01    -7.731659753249098e-01    -7.731659753249098e-01    -8.787396908043041e-01 
log_Z                        -8.163257300212228e-01     1.000000000000000e+00    -9.724264566346449e-01    -8.325291953576348e-01    -8.163257300212230e-01    -7.723235557649344e-01     9.496603447210903e-01     9.604065849855824e-01    -9.966498577722083e-01    -9.853108971496999e-01     5.065219728065651e-01    -3.543319950551416e-01    -9.816025440452469e-01     9.868920140110953e-01     9.868920140110953e-01     9.901857558663439e-01 
mHe                           9.252006493686989e-01    -9.724264566346449e-01     1.000000000000000e+00     9.350876656794246e-01     9.252006493686996e-01     8.961280732230815e-01    -9.674715679196706e-01    -9.957853275847472e-01     9.876678022877279e-01     9.383793344689572e-01    -2.967461677788000e-01     1.769747596234808e-01     9.983607775731622e-01    -9.408172665797095e-01    -9.408172665797095e-01    -9.901727153143054e-01 
Radius                        9.994239890814626e-01    -8.325291953576348e-01     9.350876656794246e-01     1.000000000000000e+00     9.994239890814633e-01     9.931343760218679e-01    -9.144388513455285e-01    -9.533566418909987e-01     8.726681911437140e-01     7.896683801250596e-01     5.358778638129754e-02    -1.440624211206967e-01     9.220687255006627e-01    -7.919272639569410e-01    -7.919272639569410e-01    -8.922342363135586e-01 
Mass                          9.999999999999996e-01    -8.163257300212230e-01     9.252006493686996e-01     9.994239890814633e-01     1.000000000000000e+00     9.965295365399384e-01    -9.001832713761754e-01    -9.441460750849086e-01     8.585867718463673e-01     7.707953823939719e-01     8.320526018202182e-02    -1.631929355778240e-01     9.108269464460725e-01    -7.731659753249083e-01    -7.731659753249083e-01    -8.787396908043047e-01 
log_g                         9.965295365399364e-01    -7.723235557649344e-01     8.961280732230815e-01     9.931343760218679e-01     9.965295365399384e-01     1.000000000000000e+00    -8.608174898379063e-01    -9.168737374386891e-01     8.195521020153224e-01     7.208742788823549e-01     1.559744467452313e-01    -2.095537417281647e-01     8.785479777738341e-01    -7.234588937322534e-01    -7.234588937322534e-01    -8.412371331900570e-01 
Rho                          -9.001832713761775e-01     9.496603447210903e-01    -9.674715679196706e-01    -9.144388513455285e-01    -9.001832713761754e-01    -8.608174898379063e-01     1.000000000000000e+00     9.753270769895187e-01    -9.608592813708821e-01    -9.414722419368617e-01     3.061926079968131e-01    -9.817499382664753e-02    -9.716879669907730e-01     9.423237715409726e-01     9.423237715409726e-01     9.710823647868777e-01 
Age                          -9.441460750849089e-01     9.604065849855824e-01    -9.957853275847472e-01    -9.533566418909987e-01    -9.441460750849086e-01    -9.168737374386891e-01     9.753270769895187e-01     1.000000000000000e+00    -9.781706360302210e-01    -9.345013873898660e-01     2.479542980058067e-01    -1.216525264833286e-01    -9.947612124191560e-01     9.362461013813836e-01     9.362461013813836e-01     9.858808365444208e-01 
Teff                          8.585867718463686e-01    -9.966498577722083e-01     9.876678022877279e-01     8.726681911437140e-01     8.585867718463673e-01     8.195521020153224e-01    -9.608592813708821e-01    -9.781706360302210e-01     1.000000000000000e+00     9.736392622576386e-01    -4.381612238610827e-01     2.891911821154546e-01     9.936344946573119e-01    -9.756148339544698e-01    -9.756148339544698e-01    -9.949094524922159e-01 
X                             7.707953823939718e-01    -9.853108971496999e-01     9.383793344689572e-01     7.896683801250596e-01     7.707953823939719e-01     7.208742788823549e-01    -9.414722419368617e-01    -9.345013873898660e-01     9.736392622576386e-01     1.000000000000000e+00    -5.478629140113472e-01     3.954529938067074e-01     9.527885393027371e-01    -9.998285860491946e-01    -9.998285860491946e-01    -9.761543214654635e-01 
numax                         8.320526018202065e-02     5.065219728065651e-01    -2.967461677788000e-01     5.358778638129754e-02     8.320526018202182e-02     1.559744467452313e-01     3.061926079968131e-01     2.479542980058067e-01    -4.381612238610827e-01    -5.478629140113472e-01     1.000000000000000e+00    -8.274014025140325e-01    -3.346411823208020e-01     5.471808449340096e-01     5.471808449340096e-01     3.955101846717767e-01 
Dnu                          -1.631929355778240e-01    -3.543319950551416e-01     1.769747596234808e-01    -1.440624211206967e-01    -1.631929355778240e-01    -2.095537417281647e-01    -9.817499382664753e-02    -1.216525264833286e-01     2.891911821154546e-01     3.954529938067074e-01    -8.274014025140325e-01     1.000000000000000e+00     1.955628030271872e-01    -3.935413818323540e-01    -3.935413818323540e-01    -2.745969686840367e-01 
Luminosity                    9.108269464460720e-01    -9.816025440452469e-01     9.983607775731622e-01     9.220687255006627e-01     9.108269464460725e-01     8.785479777738341e-01    -9.716879669907730e-01    -9.947612124191560e-01     9.936344946573119e-01     9.527885393027371e-01    -3.346411823208020e-01     1.955628030271872e-01     1.000000000000000e+00    -9.549498205820793e-01    -9.549498205820793e-01    -9.938037529668344e-01 
Fe_H                         -7.731659753249098e-01     9.868920140110953e-01    -9.408172665797095e-01    -7.919272639569410e-01    -7.731659753249083e-01    -7.234588937322534e-01     9.423237715409726e-01     9.362461013813836e-01    -9.756148339544698e-01    -9.998285860491946e-01     5.471808449340096e-01    -3.935413818323540e-01    -9.549498205820793e-01     1.000000000000000e+00     1.000000000000000e+00     9.774715866002279e-01 
M_H                          -7.731659753249098e-01     9.868920140110953e-01    -9.408172665797095e-01    -7.919272639569410e-01    -7.731659753249083e-01    -7.234588937322534e-01     9.423237715409726e-01     9.362461013813836e-01    -9.756148339544698e-01    -9.998285860491946e-01     5.471808449340096e-01    -3.935413818323540e-01    -9.549498205820793e-01     1.000000000000000e+00     1.000000000000000e+00     9.774715866002279e-01 
DNl1                         -8.787396908043041e-01     9.901857558663439e-01    -9.901727153143054e-01    -8.922342363135586e-01    -8.787396908043047e-01    -8.412371331900570e-01     9.710823647868777e-01     9.858808365444208e-01    -9.949094524922159e-01    -9.761543214654635e-01     3.955101846717767e-01    -2.745969686840367e-01    -9.938037529668344e-01     9.774715866002279e-01     9.774715866002279e-01     1.000000000000000e+00 
