Summary
=======
Mass                          1.560502556684358e+00     4.392919775047600e-02
log_Z                        -1.772708270122617e+00     7.348714367700002e-02
mHe                           1.314118241789000e-01     2.669485107609348e-03
A3_surf                       3.635322357454240e-13     1.190517355943330e-13
Am1_surf                     -1.577040140440229e-07     2.554151950828925e-08
Radius                        5.810705930266028e+00     5.706385194715608e-02
Mass                          1.560502556684358e+00     4.392919775047600e-02
log_g                         3.102743276722649e+00     3.768416163160644e-03
Rho                           1.121073576936305e-02     2.121048645042804e-05
Age                           2.318275831569420e+03     2.913368161168160e+02
Teff                          4.843086304740678e+03     4.019940304088641e+01
Xc                            1.185600092213813e-33     2.126009938441397e-34
Luminosity                    1.674947564207830e+01     7.730387041628528e-01
Dnu                           1.189155323885088e+01     1.603895760549106e-02
numax                         1.558708512700125e+02     1.238160346404881e+00
Fe_H                         -1.050304592933698e-02     7.759899068393043e-02

Correlation matrix
==================
                          Mass                      log_Z                     mHe                       A3_surf                   Am1_surf                  Radius                    Mass                      log_g                     Rho                       Age                       Teff                      Xc                        Luminosity                Dnu                       numax                     Fe_H                      
Mass                          1.000000000000000e+00    -2.355570866951768e-01    -9.790799969656944e-01     2.599458659114127e-01    -2.821285585209705e-01     9.987304669247778e-01     9.999999999999998e-01     9.933402854635831e-01    -6.350406115023304e-01    -9.202998909200100e-01     4.670327983932228e-01     9.526787350234986e-01     7.594213131177620e-01     3.589474049104025e-01     8.399852292212316e-01    -2.357723106088064e-01 
log_Z                        -2.355570866951768e-01     1.000000000000000e+00     4.953261461045544e-02     1.941497649352581e-02    -3.968552404478022e-02    -2.626312365488435e-01    -2.355570866951767e-01    -1.699786642833916e-01     5.834549850215471e-01     5.872607519641304e-01    -9.690123425804601e-01     5.523446794221144e-02    -8.099045143695898e-01     6.948768072920687e-01     3.202661139414415e-01     9.999172233085231e-01 
mHe                          -9.790799969656944e-01     4.953261461045544e-02     1.000000000000000e+00    -2.737402512130609e-01     3.007310993884395e-01    -9.730833172758013e-01    -9.790799969656944e-01    -9.871851366544794e-01     5.329458667469429e-01     8.360281145714255e-01    -2.922621689771349e-01    -9.904603635982957e-01    -6.212475909282379e-01    -5.045731201140791e-01    -9.241340795364671e-01     4.991810673837557e-02 
A3_surf                       2.599458659114127e-01     1.941497649352581e-02    -2.737402512130609e-01     1.000000000000000e+00    -9.886790435736517e-01     2.204342447743821e-01     2.599458659114127e-01     3.462204857779560e-01     4.421962198301873e-01    -2.093351293608353e-01     5.226509652177460e-02     2.769891617332785e-01     1.305169224250753e-01     5.807360984488534e-01     3.509912795459295e-01     1.971763809981843e-02 
Am1_surf                     -2.821285585209705e-01    -3.968552404478022e-02     3.007310993884395e-01    -9.886790435736517e-01     1.000000000000000e+00    -2.407815942540813e-01    -2.821285585209705e-01    -3.724706751479314e-01    -4.566803432219474e-01     2.203292869713801e-01    -3.958549208704788e-02    -3.060455237962055e-01    -1.297808160413488e-01    -6.225769309533583e-01    -3.862754453444686e-01    -3.993864121109945e-02 
Radius                        9.987304669247778e-01    -2.626312365488435e-01    -9.730833172758013e-01     2.204342447743821e-01    -2.407815942540813e-01     1.000000000000000e+00     9.987304669247778e-01     9.867540571810711e-01    -6.721204560255335e-01    -9.304205902585618e-01     4.911422253520274e-01     9.435814638930119e-01     7.772775440051816e-01     3.171213675737636e-01     8.201522766557473e-01    -2.628489122486288e-01 
Mass                          9.999999999999998e-01    -2.355570866951767e-01    -9.790799969656944e-01     2.599458659114127e-01    -2.821285585209705e-01     9.987304669247778e-01     1.000000000000000e+00     9.933402854635830e-01    -6.350406115023304e-01    -9.202998909200100e-01     4.670327983932227e-01     9.526787350234984e-01     7.594213131177620e-01     3.589474049104025e-01     8.399852292212316e-01    -2.357723106088064e-01 
log_g                         9.933402854635831e-01    -1.699786642833916e-01    -9.871851366544794e-01     3.462204857779560e-01    -3.724706751479314e-01     9.867540571810711e-01     9.933402854635830e-01     1.000000000000000e+00    -5.432305091519247e-01    -8.911817711163810e-01     4.060902688400125e-01     9.669605422159637e-01     7.099537506281303e-01     4.525598528478175e-01     8.789882764581526e-01    -1.702247805697059e-01 
Rho                          -6.350406115023304e-01     5.834549850215471e-01     5.329458667469429e-01     4.421962198301873e-01    -4.566803432219474e-01    -6.721204560255335e-01    -6.350406115023304e-01    -5.432305091519247e-01     1.000000000000000e+00     7.503796284581497e-01    -6.883548406964216e-01    -4.716237523530938e-01    -7.820340986376787e-01     4.250506068968700e-01    -2.332341567085582e-01     5.834949436376772e-01 
Age                          -9.202998909200100e-01     5.872607519641304e-01     8.360281145714255e-01    -2.093351293608353e-01     2.203292869713801e-01    -9.304205902585618e-01    -9.202998909200100e-01    -8.911817711163810e-01     7.503796284581497e-01     1.000000000000000e+00    -7.663341512939487e-01    -7.719776864413396e-01    -9.443543836341760e-01    -2.741728029867594e-02    -5.720799495331379e-01     5.876117054966414e-01 
Teff                          4.670327983932228e-01    -9.690123425804601e-01    -2.922621689771349e-01     5.226509652177460e-02    -3.958549208704788e-02     4.911422253520274e-01     4.670327983932227e-01     4.060902688400125e-01    -6.883548406964216e-01    -7.663341512939487e-01     1.000000000000000e+00     1.914000990787684e-01     9.293082043819012e-01    -5.378423618923167e-01    -7.876720752792750e-02    -9.688162646698151e-01 
Xc                            9.526787350234986e-01     5.523446794221144e-02    -9.904603635982957e-01     2.769891617332785e-01    -3.060455237962055e-01     9.435814638930119e-01     9.526787350234984e-01     9.669605422159637e-01    -4.716237523530938e-01    -7.719776864413396e-01     1.914000990787684e-01     1.000000000000000e+00     5.365860357774124e-01     5.781861717331519e-01     9.551206469623262e-01     5.530221292558894e-02 
Luminosity                    7.594213131177620e-01    -8.099045143695898e-01    -6.212475909282379e-01     1.305169224250753e-01    -1.297808160413488e-01     7.772775440051816e-01     7.594213131177620e-01     7.099537506281303e-01    -7.820340986376787e-01    -9.443543836341760e-01     9.293082043819012e-01     5.365860357774124e-01     1.000000000000000e+00    -2.540640390796877e-01     2.896508452949586e-01    -8.097172135775684e-01 
Dnu                           3.589474049104025e-01     6.948768072920687e-01    -5.045731201140791e-01     5.807360984488534e-01    -6.225769309533583e-01     3.171213675737636e-01     3.589474049104025e-01     4.525598528478175e-01     4.250506068968700e-01    -2.741728029867594e-02    -5.378423618923167e-01     5.781861717331519e-01    -2.540640390796877e-01     1.000000000000000e+00     7.747036967912480e-01     6.949086242318556e-01 
numax                         8.399852292212316e-01     3.202661139414415e-01    -9.241340795364671e-01     3.509912795459295e-01    -3.862754453444686e-01     8.201522766557473e-01     8.399852292212316e-01     8.789882764581526e-01    -2.332341567085582e-01    -5.720799495331379e-01    -7.876720752792750e-02     9.551206469623262e-01     2.896508452949586e-01     7.747036967912480e-01     1.000000000000000e+00     3.199220373950133e-01 
Fe_H                         -2.357723106088064e-01     9.999172233085231e-01     4.991810673837557e-02     1.971763809981843e-02    -3.993864121109945e-02    -2.628489122486288e-01    -2.357723106088064e-01    -1.702247805697059e-01     5.834949436376772e-01     5.876117054966414e-01    -9.688162646698151e-01     5.530221292558894e-02    -8.097172135775684e-01     6.949086242318556e-01     3.199220373950133e-01     1.000000000000000e+00 
