Summary
=======
Mass                          1.585466072834645e+00     4.389011956138970e-02
log_Z                        -1.823488597085589e+00     7.681575868391742e-02
mHe                           1.506295818355050e-01     3.081605532632286e-03
A3_surf                       3.310233842217717e-12     6.380031035641213e-13
Am1_surf                     -4.962820768902052e-07     6.056703330791301e-08
Radius                        1.000422678695335e+01     9.807597897066715e-02
Mass                          1.585466072834645e+00     4.389011956138970e-02
log_g                         2.637732063551682e+00     3.570074157860053e-03
Rho                           2.231867202242385e-03     4.610888271100411e-06
Age                           2.210272524601683e+03     2.957399521656756e+02
Teff                          4.660123130234236e+03     4.385009600405992e+01
Xc                            1.262331741341880e-33     1.862142442345689e-34
Luminosity                    4.257154501098820e+01     2.205067903087916e+00
Dnu                           5.079524300243135e+00     4.764837525114911e-03
numax                         5.446458967842246e+01     3.641178073469085e-01
Fe_H                         -6.390228947961485e-02     8.061454202987939e-02

Correlation matrix
==================
                          Mass                      log_Z                     mHe                       A3_surf                   Am1_surf                  Radius                    Mass                      log_g                     Rho                       Age                       Teff                      Xc                        Luminosity                Dnu                       numax                     Fe_H                      
Mass                          1.000000000000000e+00    -4.653996142196457e-01    -9.694465837624143e-01     1.781671562354206e-01    -2.367650222649818e-01     9.990081452367693e-01     1.000000000000000e+00     9.944996896931509e-01    -7.899379570492060e-01    -9.334522462489416e-01     6.041755167603057e-01     9.591673278021013e-01     8.122948932369453e-01     4.499351216539678e-01     7.966031979878121e-01    -4.655696022429668e-01 
log_Z                        -4.653996142196457e-01     1.000000000000000e+00     2.398439560054380e-01    -2.400541337149915e-01     2.980442337371619e-01    -4.751299595247795e-01    -4.653996142196456e-01    -4.401681723457364e-01     5.074187486833733e-01     7.413350925893816e-01    -9.862773191361452e-01    -2.097255067613339e-01    -8.930873162732390e-01     2.918515427316684e-01     1.533806920790755e-01     9.999204668384105e-01 
mHe                          -9.694465837624143e-01     2.398439560054380e-01     1.000000000000000e+00    -1.343298658551888e-01     1.829187379029141e-01    -9.661320025399791e-01    -9.694465837624143e-01    -9.718951538672372e-01     7.251275234189473e-01     8.267846760975500e-01    -3.953674610362309e-01    -9.964804732830762e-01    -6.474994922985822e-01    -5.740848873391317e-01    -9.155323928458774e-01     2.401712924445018e-01 
A3_surf                       1.781671562354206e-01    -2.400541337149915e-01    -1.343298658551888e-01     1.000000000000000e+00    -9.745217327762369e-01     1.439932361431456e-01     1.781671562354206e-01     2.586014140748997e-01     3.443220307061332e-01    -2.268075253561728e-01     2.535023924540133e-01     1.262320221562000e-01     2.386630272580904e-01     5.749924533181690e-01     1.396118150244935e-01    -2.397304737492342e-01 
Am1_surf                     -2.367650222649818e-01     2.980442337371619e-01     1.829187379029141e-01    -9.745217327762369e-01     1.000000000000000e+00    -2.009547318045757e-01    -2.367650222649818e-01    -3.205973024419361e-01    -3.203439793884025e-01     2.929305418795530e-01    -3.169114855316499e-01    -1.734757571823425e-01    -3.062603381296505e-01    -6.146319529708031e-01    -1.711927484761055e-01     2.975825864180943e-01 
Radius                        9.990081452367693e-01    -4.751299595247795e-01    -9.661320025399791e-01     1.439932361431456e-01    -2.009547318045757e-01     1.000000000000000e+00     9.990081452367693e-01     9.893217417566857e-01    -8.156099936934852e-01    -9.374171369878618e-01     6.125494675941910e-01     9.557104593804273e-01     8.185327378255327e-01     4.144390816695218e-01     7.842884305061861e-01    -4.753223290948405e-01 
Mass                          1.000000000000000e+00    -4.653996142196456e-01    -9.694465837624143e-01     1.781671562354206e-01    -2.367650222649818e-01     9.990081452367693e-01     1.000000000000000e+00     9.944996896931508e-01    -7.899379570492060e-01    -9.334522462489415e-01     6.041755167603057e-01     9.591673278021011e-01     8.122948932369449e-01     4.499351216539678e-01     7.966031979878121e-01    -4.655696022429666e-01 
log_g                         9.944996896931509e-01    -4.401681723457364e-01    -9.718951538672372e-01     2.586014140748997e-01    -3.205973024419361e-01     9.893217417566857e-01     9.944996896931508e-01     1.000000000000000e+00    -7.227018598517611e-01    -9.211477056269456e-01     5.808740303998570e-01     9.621439911056708e-01     7.914368210500392e-01     5.298930671434374e-01     8.196883902777727e-01    -4.403473704130027e-01 
Rho                          -7.899379570492060e-01     5.074187486833733e-01     7.251275234189473e-01     3.443220307061332e-01    -3.203439793884025e-01    -8.156099936934852e-01    -7.899379570492060e-01    -7.227018598517611e-01     1.000000000000000e+00     7.922410466846858e-01    -6.003765664511613e-01    -7.144612336252156e-01    -7.406120413471744e-01     1.398679834032694e-01    -4.652104953552012e-01     5.076683822519733e-01 
Age                          -9.334522462489416e-01     7.413350925893816e-01     8.267846760975500e-01    -2.268075253561728e-01     2.929305418795530e-01    -9.374171369878618e-01    -9.334522462489415e-01    -9.211477056269456e-01     7.922410466846858e-01     1.000000000000000e+00    -8.396735716173979e-01    -8.066887641778739e-01    -9.576355809757230e-01    -2.211033302423201e-01    -5.403540153866065e-01     7.417485471584976e-01 
Teff                          6.041755167603057e-01    -9.862773191361452e-01    -3.953674610362309e-01     2.535023924540133e-01    -3.169114855316499e-01     6.125494675941910e-01     6.041755167603057e-01     5.808740303998570e-01    -6.003765664511613e-01    -8.396735716173979e-01     1.000000000000000e+00     3.673475711765469e-01     9.548807336664643e-01    -1.746729625047456e-01     9.902087864503317e-03    -9.860946402588913e-01 
Xc                            9.591673278021013e-01    -2.097255067613339e-01    -9.964804732830762e-01     1.262320221562000e-01    -1.734757571823425e-01     9.557104593804273e-01     9.591673278021011e-01     9.621439911056708e-01    -7.144612336252156e-01    -8.066887641778739e-01     3.673475711765469e-01     1.000000000000000e+00     6.241829830298112e-01     5.886711130285941e-01     9.235275411835417e-01    -2.095843605054019e-01 
Luminosity                    8.122948932369453e-01    -8.930873162732390e-01    -6.474994922985822e-01     2.386630272580904e-01    -3.062603381296505e-01     8.185327378255327e-01     8.122948932369449e-01     7.914368210500392e-01    -7.406120413471744e-01    -9.576355809757230e-01     9.548807336664643e-01     6.241829830298112e-01     1.000000000000000e+00     3.058455673333615e-02     3.004365093157642e-01    -8.928524187407160e-01 
Dnu                           4.499351216539678e-01     2.918515427316684e-01    -5.740848873391317e-01     5.749924533181690e-01    -6.146319529708031e-01     4.144390816695218e-01     4.499351216539678e-01     5.298930671434374e-01     1.398679834032694e-01    -2.211033302423201e-01    -1.746729625047456e-01     5.886711130285941e-01     3.058455673333615e-02     1.000000000000000e+00     7.744834234862843e-01     2.925598460203279e-01 
numax                         7.966031979878121e-01     1.533806920790755e-01    -9.155323928458774e-01     1.396118150244935e-01    -1.711927484761055e-01     7.842884305061861e-01     7.966031979878121e-01     8.196883902777727e-01    -4.652104953552012e-01    -5.403540153866065e-01     9.902087864503317e-03     9.235275411835417e-01     3.004365093157642e-01     7.744834234862843e-01     1.000000000000000e+00     1.530643897644693e-01 
Fe_H                         -4.655696022429668e-01     9.999204668384105e-01     2.401712924445018e-01    -2.397304737492342e-01     2.975825864180943e-01    -4.753223290948405e-01    -4.655696022429666e-01    -4.403473704130027e-01     5.076683822519733e-01     7.417485471584976e-01    -9.860946402588913e-01    -2.095843605054019e-01    -8.928524187407160e-01     2.925598460203279e-01     1.530643897644693e-01     1.000000000000000e+00 
