Summary
=======
Mass                          1.419946048956050e+00     2.062538179191991e-02
log_Z                        -2.011316855324361e+00     4.369688735870302e-02
mHe                           1.711688663229199e-01     2.018820009312607e-03
A3_surf                       5.718061654508414e-11     3.226613541128746e-12
Am1_surf                     -4.987367027921445e-06     1.790288038763573e-07
Radius                        1.058011448710100e+01     5.422084998596656e-02
Mass                          1.419946048956050e+00     2.062538179191991e-02
log_g                         2.541325029288455e+00     1.992698384218883e-03
Rho                           1.690206609163229e-03     4.418512397287745e-06
Age                           2.802938418043278e+03     1.676101561975737e+02
Teff                          4.688098570154095e+03     2.387565639848375e+01
Xc                            5.126239077556621e-34     5.247164204489372e-35
Luminosity                    4.872517625752634e+01     1.164250429037903e+00
Dnu                           4.358195771046259e+00     7.108380048074412e-03
numax                         4.349066376654333e+01     2.084880863984968e-01
Fe_H                         -2.591971206275167e-01     4.595754855143246e-02

Correlation matrix
==================
                          Mass                      log_Z                     mHe                       A3_surf                   Am1_surf                  Radius                    Mass                      log_g                     Rho                       Age                       Teff                      Xc                        Luminosity                Dnu                       numax                     Fe_H                      
Mass                          1.000000000000000e+00    -5.039053873382782e-02    -9.823438299559241e-01     5.059018437136845e-02    -3.662303166852822e-01     9.866723046348398e-01     9.999999999999999e-01     9.315169091103875e-01    -2.905122239597521e-01    -7.955807638078424e-01     2.120356073546336e-01     9.344005540179627e-01     6.069238926731180e-01     5.248881560318835e-01     7.808212817320119e-01    -5.016570851750293e-02 
log_Z                        -5.039053873382782e-02     1.000000000000000e+00    -4.186243002017835e-02    -2.938060201615945e-01     2.280546097484350e-01    -4.696522466145226e-02    -5.039053873382780e-02    -5.336271877551749e-02    -9.811124582246040e-04     6.421578601732865e-01    -9.863617634707250e-01     1.987836115462580e-01    -8.214556916720146e-01     1.546614931963743e-01     4.841969845864721e-01     9.998757729372284e-01 
mHe                          -9.823438299559241e-01    -4.186243002017835e-02     1.000000000000000e+00    -5.566548200893214e-02     3.694144070460884e-01    -9.636974241477843e-01    -9.823438299559241e-01    -9.280356198079054e-01     2.518252036437821e-01     7.333499909428614e-01    -1.173395203661778e-01    -9.318650659327787e-01    -5.168463710566548e-01    -5.520851266228851e-01    -8.279695157677242e-01    -4.169877726694779e-02 
A3_surf                       5.059018437136845e-02    -2.938060201615945e-01    -5.566548200893214e-02     1.000000000000000e+00    -9.302879211405831e-01    -9.615296993443949e-02     5.059018437136836e-02     3.739971537027228e-01     8.451106088968900e-01    -2.181171642446399e-01     3.106432036070568e-01    -2.701103538543421e-02     2.144192384098731e-01     6.879489925683333e-01     1.906610855689037e-01    -2.928463127373861e-01 
Am1_surf                     -3.662303166852822e-01     2.280546097484350e-01     3.694144070460884e-01    -9.302879211405831e-01     1.000000000000000e+00    -2.162665741633898e-01    -3.662303166852821e-01    -6.657206334619921e-01    -7.475284484803755e-01     4.191218880311562e-01    -2.981460401642870e-01    -2.889566088088372e-01    -3.422639828853098e-01    -8.662436789672346e-01    -4.781411823998284e-01     2.269599775137500e-01 
Radius                        9.866723046348398e-01    -4.696522466145226e-02    -9.636974241477843e-01    -9.615296993443949e-02    -2.162665741633898e-01     1.000000000000000e+00     9.866723046348398e-01     8.600672536265702e-01    -4.422209782164269e-01    -7.831259211866382e-01     2.037799769785997e-01     9.211839728821341e-01     6.053564631940310e-01     3.880450257267691e-01     7.166749726053729e-01    -4.690037882445813e-02 
Mass                          9.999999999999999e-01    -5.039053873382780e-02    -9.823438299559241e-01     5.059018437136836e-02    -3.662303166852821e-01     9.866723046348398e-01     1.000000000000000e+00     9.315169091103878e-01    -2.905122239597522e-01    -7.955807638078425e-01     2.120356073546336e-01     9.344005540179627e-01     6.069238926731180e-01     5.248881560318835e-01     7.808212817320120e-01    -5.016570851750289e-02 
log_g                         9.315169091103875e-01    -5.336271877551749e-02    -9.280356198079054e-01     3.739971537027228e-01    -6.657206334619921e-01     8.600672536265702e-01     9.315169091103878e-01     1.000000000000000e+00     7.722569337488547e-02    -7.464377178169335e-01     2.099577311184278e-01     8.655377120960270e-01     5.509643079320329e-01     7.778549759491217e-01     8.475450352493529e-01    -5.279757598672272e-02 
Rho                          -2.905122239597521e-01    -9.811124582246040e-04     2.518252036437821e-01     8.451106088968900e-01    -7.475284484803755e-01    -4.422209782164269e-01    -2.905122239597522e-01     7.722569337488547e-02     1.000000000000000e+00     2.190762279601842e-01    -3.014743432346571e-02    -2.763391572233514e-01    -2.151741427724012e-01     6.098456406984456e-01     9.000835741575261e-02    -1.129549406015957e-04 
Age                          -7.955807638078424e-01     6.421578601732865e-01     7.333499909428614e-01    -2.181171642446399e-01     4.191218880311562e-01    -7.831259211866382e-01    -7.955807638078425e-01    -7.464377178169335e-01     2.190762279601842e-01     1.000000000000000e+00    -7.571236897197621e-01    -5.834803434943894e-01    -9.584269232146477e-01    -3.059305647831133e-01    -3.064924598533628e-01     6.420124251053464e-01 
Teff                          2.120356073546336e-01    -9.863617634707250e-01    -1.173395203661778e-01     3.106432036070568e-01    -2.981460401642870e-01     2.037799769785997e-01     2.120356073546336e-01     2.099577311184278e-01    -3.014743432346571e-02    -7.571236897197621e-01     1.000000000000000e+00    -4.243771297820588e-02     9.021065323339642e-01    -5.164906787927617e-02    -3.408746143624509e-01    -9.861187836593526e-01 
Xc                            9.344005540179627e-01     1.987836115462580e-01    -9.318650659327787e-01    -2.701103538543421e-02    -2.889566088088372e-01     9.211839728821341e-01     9.344005540179627e-01     8.655377120960270e-01    -2.763391572233514e-01    -5.834803434943894e-01    -4.243771297820588e-02     1.000000000000000e+00     3.735369326012546e-01     5.497052839414746e-01     8.563562050146507e-01     1.990190130054882e-01 
Luminosity                    6.069238926731180e-01    -8.214556916720146e-01    -5.168463710566548e-01     2.144192384098731e-01    -3.422639828853098e-01     6.053564631940310e-01     6.069238926731180e-01     5.509643079320329e-01    -2.151741427724012e-01    -9.584269232146477e-01     9.021065323339642e-01     3.735369326012546e-01     1.000000000000000e+00     1.341729225413013e-01     4.050251776773938e-02    -8.211527104816516e-01 
Dnu                           5.248881560318835e-01     1.546614931963743e-01    -5.520851266228851e-01     6.879489925683333e-01    -8.662436789672346e-01     3.880450257267691e-01     5.248881560318835e-01     7.778549759491217e-01     6.098456406984456e-01    -3.059305647831133e-01    -5.164906787927617e-02     5.497052839414746e-01     1.341729225413013e-01     1.000000000000000e+00     7.762137849438789e-01     1.555852071579915e-01 
numax                         7.808212817320119e-01     4.841969845864721e-01    -8.279695157677242e-01     1.906610855689037e-01    -4.781411823998284e-01     7.166749726053729e-01     7.808212817320120e-01     8.475450352493529e-01     9.000835741575261e-02    -3.064924598533628e-01    -3.408746143624509e-01     8.563562050146507e-01     4.050251776773938e-02     7.762137849438789e-01     1.000000000000000e+00     4.846319579615864e-01 
Fe_H                         -5.016570851750293e-02     9.998757729372284e-01    -4.169877726694779e-02    -2.928463127373861e-01     2.269599775137500e-01    -4.690037882445813e-02    -5.016570851750289e-02    -5.279757598672272e-02    -1.129549406015957e-04     6.420124251053464e-01    -9.861187836593526e-01     1.990190130054882e-01    -8.211527104816516e-01     1.555852071579915e-01     4.846319579615864e-01     1.000000000000000e+00 
