Summary
=======
Mass                          1.069997690671776e+00     4.026468805695030e-05
log_Z                        -1.756907907283652e+00     1.110340479725669e-04
Age                           5.281624912580535e+03     8.908231991275902e-01
Radius                        1.210545952076927e+00     1.515140525375455e-05
Mass                          1.069997690671776e+00     4.026468805695366e-05
log_g                         4.301479244881426e+00     5.498163058433196e-06
Rho                           8.503312420396310e-01     1.296358275292398e-06
Age                           5.281624912580535e+03     8.908231991275900e-01
Teff                          6.002394640585498e+03     5.745994101319498e-02
X                             7.129923078132069e-01     1.233462158607794e-05
numax                         2.222505689970184e+03     3.288243998221974e-02
Dnu                           1.054009973853590e+02     4.827470543059731e-02
Luminosity                    1.713785197334902e+00     6.258046919428434e-05
Fe_H                          2.648064579458535e-03     1.483326626373096e-04
M_H                           2.648064579458535e-03     1.483326626373096e-04

Correlation matrix
==================
                          Mass                      log_Z                     Age                       Radius                    Mass                      log_g                     Rho                       Age                       Teff                      X                         numax                     Dnu                       Luminosity                Fe_H                      M_H                       
Mass                          1.000000000000000e+00     9.059806795565277e-01    -9.192072246735600e-01     9.991804413816509e-01     9.999999999999989e-01     9.967887622482482e-01     7.434914276369663e-02    -9.192072246735571e-01    -3.626713261206674e-01    -8.529271950764358e-01     9.702610737354791e-01     7.906309274855735e-01     3.046507692539764e-01     8.507468284211118e-01     8.507468284211118e-01 
log_Z                         9.059806795565277e-01     1.000000000000000e+00    -6.661605808298290e-01     9.205608083423904e-01     9.059806795565495e-01     8.727515938024052e-01    -3.101909362407794e-01    -6.661605808298293e-01    -7.230667892173314e-01    -9.932046869238729e-01     9.807215569987396e-01     7.288451708606669e-01    -1.271627741110633e-01     9.926954243432590e-01     9.926954243432590e-01 
Age                          -9.192072246735600e-01    -6.661605808298290e-01     1.000000000000000e+00    -9.043970240438839e-01    -9.192072246735407e-01    -9.440710405898536e-01    -4.147069547627645e-01     9.999999999999983e-01    -3.342954518983549e-02     5.786503689876575e-01    -7.970040492441625e-01    -7.160657974388873e-01    -6.550349275153676e-01    -5.752694373601912e-01    -5.752694373601912e-01 
Radius                        9.991804413816509e-01     9.205608083423904e-01    -9.043970240438839e-01     1.000000000000000e+00     9.991804413816538e-01     9.927305429881674e-01     3.392252632206709e-02    -9.043970240438809e-01    -3.961483330538056e-01    -8.704348638491571e-01     9.776190702638337e-01     7.930185562334247e-01     2.701078775895930e-01     8.683579697214276e-01     8.683579697214276e-01 
Mass                          9.999999999999989e-01     9.059806795565495e-01    -9.192072246735407e-01     9.991804413816538e-01     1.000000000000000e+00     9.967887622482444e-01     7.434914276364731e-02    -9.192072246735380e-01    -3.626713261207113e-01    -8.529271950764590e-01     9.702610737354862e-01     7.906309274855565e-01     3.046507692539305e-01     8.507468284211384e-01     8.507468284211384e-01 
log_g                         9.967887622482482e-01     8.727515938024052e-01    -9.440710405898536e-01     9.927305429881674e-01     9.967887622482444e-01     1.000000000000000e+00     1.539647441770048e-01    -9.440710405898536e-01    -2.946757631789918e-01    -8.141600835266567e-01     9.510108497919989e-01     7.820818469920081e-01     3.715308678125532e-01     8.117854513231212e-01     8.117854513231212e-01 
Rho                           7.434914276369663e-02    -3.101909362407794e-01    -4.147069547627645e-01     3.392252632206709e-02     7.434914276364731e-02     1.539647441770048e-01     1.000000000000000e+00    -4.147069547627723e-01     8.052327582605218e-01     3.852096037645303e-01    -1.287657787185058e-01    -1.604098827414044e-02     8.676389702344847e-01    -3.878776451450014e-01    -3.878776451450014e-01 
Age                          -9.192072246735571e-01    -6.661605808298293e-01     9.999999999999983e-01    -9.043970240438809e-01    -9.192072246735380e-01    -9.440710405898536e-01    -4.147069547627723e-01     1.000000000000000e+00    -3.342954518984047e-02     5.786503689876570e-01    -7.970040492441613e-01    -7.160657974388914e-01    -6.550349275153754e-01    -5.752694373601873e-01    -5.752694373601873e-01 
Teff                         -3.626713261206674e-01    -7.230667892173314e-01    -3.342954518983549e-02    -3.961483330538056e-01    -3.626713261207113e-01    -2.946757631789918e-01     8.052327582605218e-01    -3.342954518984047e-02     1.000000000000000e+00     7.945901442547127e-01    -5.756699251441244e-01    -3.146133910070880e-01     7.770548079498172e-01    -7.970236091465377e-01    -7.970236091465377e-01 
X                            -8.529271950764358e-01    -9.932046869238729e-01     5.786503689876575e-01    -8.704348638491571e-01    -8.529271950764590e-01    -8.141600835266567e-01     3.852096037645303e-01     5.786503689876570e-01     7.945901442547127e-01     1.000000000000000e+00    -9.537257334231641e-01    -6.858306340797552e-01     2.365259018892471e-01    -9.999907561699375e-01    -9.999907561699375e-01 
numax                         9.702610737354791e-01     9.807215569987396e-01    -7.970040492441625e-01     9.776190702638337e-01     9.702610737354862e-01     9.510108497919989e-01    -1.287657787185058e-01    -7.970040492441613e-01    -5.756699251441244e-01    -9.537257334231641e-01     1.000000000000000e+00     7.709925245582648e-01     6.651518720364109e-02     9.524811013208899e-01     9.524811013208899e-01 
Dnu                           7.906309274855735e-01     7.288451708606669e-01    -7.160657974388873e-01     7.930185562334247e-01     7.906309274855565e-01     7.820818469920081e-01    -1.604098827414044e-02    -7.160657974388914e-01    -3.146133910070880e-01    -6.858306340797552e-01     7.709925245582648e-01     1.000000000000000e+00     2.137225901642750e-01     6.841043583192287e-01     6.841043583192287e-01 
Luminosity                    3.046507692539764e-01    -1.271627741110633e-01    -6.550349275153676e-01     2.701078775895930e-01     3.046507692539305e-01     3.715308678125532e-01     8.676389702344847e-01    -6.550349275153754e-01     7.770548079498172e-01     2.365259018892471e-01     6.651518720364109e-02     2.137225901642750e-01     1.000000000000000e+00    -2.405014326587483e-01    -2.405014326587483e-01 
Fe_H                          8.507468284211118e-01     9.926954243432590e-01    -5.752694373601912e-01     8.683579697214276e-01     8.507468284211384e-01     8.117854513231212e-01    -3.878776451450014e-01    -5.752694373601873e-01    -7.970236091465377e-01    -9.999907561699375e-01     9.524811013208899e-01     6.841043583192287e-01    -2.405014326587483e-01     1.000000000000000e+00     1.000000000000000e+00 
M_H                           8.507468284211118e-01     9.926954243432590e-01    -5.752694373601912e-01     8.683579697214276e-01     8.507468284211384e-01     8.117854513231212e-01    -3.878776451450014e-01    -5.752694373601873e-01    -7.970236091465377e-01    -9.999907561699375e-01     9.524811013208899e-01     6.841043583192287e-01    -2.405014326587483e-01     1.000000000000000e+00     1.000000000000000e+00 
