Summary
=======
Mass                          1.541343624848967e+00     3.272147656935739e-02
log_Z                        -1.812159805762117e+00     7.903914597953605e-02
mHe                           1.474532933242260e-01     2.130240710048404e-03
A3_surf                       1.523123577473302e-12     3.297540393704031e-13
Am1_surf                     -3.134993613391549e-07     4.145345339129784e-08
Radius                        8.384952261026749e+00     6.268651730665376e-02
Mass                          1.541343624848967e+00     3.272147656935738e-02
log_g                         2.778892248682299e+00     2.759193375382514e-03
Rho                           3.685550408474392e-03     6.029218346015222e-06
Age                           2.431261970505444e+03     2.834909781516085e+02
Teff                          4.716096542824850e+03     4.462635425987845e+01
Xc                            1.060254114941490e-33     1.394917672681850e-34
Luminosity                    3.136595640188015e+01     1.558397101060447e+00
Dnu                           6.598092831432838e+00     6.392377900223184e-03
numax                         7.493369115564417e+01     3.582365945994967e-01
Fe_H                         -5.200582471602053e-02     8.303617635367018e-02

Correlation matrix
==================
                          Mass                      log_Z                     mHe                       A3_surf                   Am1_surf                  Radius                    Mass                      log_g                     Rho                       Age                       Teff                      Xc                        Luminosity                Dnu                       numax                     Fe_H                      
Mass                          1.000000000000000e+00    -6.159055258992895e-01    -9.571171304408905e-01     1.830000771297659e-01    -2.672468740774753e-01     9.986296646999037e-01     9.999999999999998e-01     9.925878601919695e-01    -7.098359474466075e-01    -9.269923989440533e-01     7.020616402482648e-01     9.497456455270222e-01     8.348461288230374e-01     2.330355901100165e-01     6.240759204539805e-01    -6.162927064955316e-01 
log_Z                        -6.159055258992895e-01     1.000000000000000e+00     3.634714302016385e-01    -2.237349689102719e-01     2.744747512556771e-01    -6.312557113027673e-01    -6.159055258992895e-01    -5.734289086815092e-01     6.587812677414225e-01     8.594370445357642e-01    -9.932136940153681e-01    -3.469629326091669e-01    -9.465943857784280e-01     4.369870920119284e-01     2.204684960812764e-01     9.999219671457200e-01 
mHe                          -9.571171304408905e-01     3.634714302016385e-01     1.000000000000000e+00    -1.389144503913621e-01     2.198964899144671e-01    -9.499963176243306e-01    -9.571171304408903e-01    -9.650394792765372e-01     5.953435391817418e-01     7.850705026022267e-01    -4.673757615109725e-01    -9.971418516767894e-01    -6.403899048369113e-01    -4.353755453821049e-01    -8.193221882633624e-01     3.641330802781755e-01 
A3_surf                       1.830000771297659e-01    -2.237349689102719e-01    -1.389144503913621e-01     1.000000000000000e+00    -9.731045967312477e-01     1.429643923009790e-01     1.830000771297659e-01     2.738912617347350e-01     4.110731453662687e-01    -2.170100119671698e-01     2.329451533296284e-01     1.306083654095704e-01     2.223264451756768e-01     4.523768736753387e-01     1.339335300005800e-01    -2.233317189599365e-01 
Am1_surf                     -2.672468740774753e-01     2.744747512556771e-01     2.198964899144671e-01    -9.731045967312477e-01     1.000000000000000e+00    -2.254603247445909e-01    -2.672468740774753e-01    -3.611988606124097e-01    -3.731988763884584e-01     2.934607536136025e-01    -2.915252964592431e-01    -2.115095298325885e-01    -2.923035074615530e-01    -4.943670344992434e-01    -1.920736082942262e-01     2.739045271225806e-01 
Radius                        9.986296646999037e-01    -6.312557113027673e-01    -9.499963176243306e-01     1.429643923009790e-01    -2.254603247445909e-01     1.000000000000000e+00     9.986296646999037e-01     9.851571219019911e-01    -7.452139416887297e-01    -9.340746401577411e-01     7.154529807290323e-01     9.426084295743838e-01     8.451861856930255e-01     1.900545429360479e-01     6.009025483025093e-01    -6.316881837418120e-01 
Mass                          9.999999999999998e-01    -6.159055258992895e-01    -9.571171304408903e-01     1.830000771297659e-01    -2.672468740774753e-01     9.986296646999037e-01     1.000000000000000e+00     9.925878601919693e-01    -7.098359474466077e-01    -9.269923989440536e-01     7.020616402482649e-01     9.497456455270227e-01     8.348461288230373e-01     2.330355901100166e-01     6.240759204539807e-01    -6.162927064955316e-01 
log_g                         9.925878601919695e-01    -5.734289086815092e-01    -9.650394792765372e-01     2.738912617347350e-01    -3.611988606124097e-01     9.851571219019911e-01     9.925878601919693e-01     1.000000000000000e+00    -6.197670378115033e-01    -9.032586055292415e-01     6.629733634290487e-01     9.579413669136720e-01     8.008441758999664e-01     3.298651633257253e-01     6.725416368988991e-01    -5.738377886449497e-01 
Rho                          -7.098359474466075e-01     6.587812677414225e-01     5.953435391817418e-01     4.110731453662687e-01    -3.731988763884584e-01    -7.452139416887297e-01    -7.098359474466077e-01    -6.197670378115033e-01     1.000000000000000e+00     7.636727681642029e-01    -6.956453996822590e-01    -5.892203429089311e-01    -7.526939649668516e-01     4.138948831005808e-01    -1.349741327013864e-01     6.592655551796656e-01 
Age                          -9.269923989440533e-01     8.594370445357642e-01     7.850705026022267e-01    -2.170100119671698e-01     2.934607536136025e-01    -9.340746401577411e-01    -9.269923989440536e-01    -9.032586055292415e-01     7.636727681642029e-01     1.000000000000000e+00    -9.105023471397481e-01    -7.724580069181864e-01    -9.721041365248213e-01     6.055892893056472e-02    -2.989119687917873e-01     8.601016424582654e-01 
Teff                          7.020616402482648e-01    -9.932136940153681e-01    -4.673757615109725e-01     2.329451533296284e-01    -2.915252964592431e-01     7.154529807290323e-01     7.020616402482649e-01     6.629733634290487e-01    -6.956453996822590e-01    -9.105023471397481e-01     1.000000000000000e+00     4.521006666061610e-01     9.775093412449946e-01    -3.569448024203733e-01    -1.081345559166673e-01    -9.930452904678793e-01 
Xc                            9.497456455270222e-01    -3.469629326091669e-01    -9.971418516767894e-01     1.306083654095704e-01    -2.115095298325885e-01     9.426084295743838e-01     9.497456455270227e-01     9.579413669136720e-01    -5.892203429089311e-01    -7.724580069181864e-01     4.521006666061610e-01     1.000000000000000e+00     6.270875798381219e-01     4.460040997143965e-01     8.252906860797531e-01    -3.472814487478552e-01 
Luminosity                    8.348461288230374e-01    -9.465943857784280e-01    -6.403899048369113e-01     2.223264451756768e-01    -2.923035074615530e-01     8.451861856930255e-01     8.348461288230373e-01     8.008441758999664e-01    -7.526939649668516e-01    -9.721041365248213e-01     9.775093412449946e-01     6.270875798381219e-01     1.000000000000000e+00    -2.117705634088661e-01     9.734578833863355e-02    -9.463830217959655e-01 
Dnu                           2.330355901100165e-01     4.369870920119284e-01    -4.353755453821049e-01     4.523768736753387e-01    -4.943670344992434e-01     1.900545429360479e-01     2.330355901100166e-01     3.298651633257253e-01     4.138948831005808e-01     6.055892893056472e-02    -3.569448024203733e-01     4.460040997143965e-01    -2.117705634088661e-01     1.000000000000000e+00     7.918697257584562e-01     4.375971191209322e-01 
numax                         6.240759204539805e-01     2.204684960812764e-01    -8.193221882633624e-01     1.339335300005800e-01    -1.920736082942262e-01     6.009025483025093e-01     6.240759204539807e-01     6.725416368988991e-01    -1.349741327013864e-01    -2.989119687917873e-01    -1.081345559166673e-01     8.252906860797531e-01     9.734578833863355e-02     7.918697257584562e-01     1.000000000000000e+00     2.198118978454960e-01 
Fe_H                         -6.162927064955316e-01     9.999219671457200e-01     3.641330802781755e-01    -2.233317189599365e-01     2.739045271225806e-01    -6.316881837418120e-01    -6.162927064955316e-01    -5.738377886449497e-01     6.592655551796656e-01     8.601016424582654e-01    -9.930452904678793e-01    -3.472814487478552e-01    -9.463830217959655e-01     4.375971191209322e-01     2.198118978454960e-01     1.000000000000000e+00 
