Summary
=======
Mass                          1.422470208338563e+00     1.607260020805488e-02
log_Z                        -2.003120086758565e+00     3.415853128448929e-02
mHe                           1.678205860748751e-01     1.501983244824402e-03
A3_surf                       5.376795260783171e-11     2.684560746059564e-12
Am1_surf                     -4.886967391837527e-06     1.184487597598833e-07
Radius                        9.914632418454234e+00     4.117046963467655e-02
Mass                          1.422470208338563e+00     1.607260020805487e-02
log_g                         2.598537491513051e+00     1.369987378829070e-03
Rho                           2.057611086790704e-03     3.699752234972434e-06
Age                           2.793241243542836e+03     1.362909166641255e+02
Teff                          4.712089906747716e+03     1.927124161202882e+01
Xc                            5.152297165205170e-34     3.290828889401848e-35
Luminosity                    4.366871554804344e+01     8.900132926514415e-01
Dnu                           4.838546802834563e+00     3.541493564893626e-03
numax                         4.948757315678599e+01     1.535940911901620e-01
Fe_H                         -2.507016252880547e-01     3.548744835282394e-02

Correlation matrix
==================
                          Mass                      log_Z                     mHe                       A3_surf                   Am1_surf                  Radius                    Mass                      log_g                     Rho                       Age                       Teff                      Xc                        Luminosity                Dnu                       numax                     Fe_H                      
Mass                          1.000000000000000e+00    -1.710654927269357e-01    -9.641695529246591e-01    -1.936239208528318e-01    -1.820675654424604e-01     9.935264057639734e-01     1.000000000000000e+00     9.540533909733450e-01    -6.163930142438214e-01    -8.489245739041607e-01     3.213705860631638e-01     9.364445343284605e-01     6.644524425562415e-01    -2.970029729489760e-02     7.584331157895515e-01    -1.718687074136006e-01 
log_Z                        -1.710654927269357e-01     1.000000000000000e+00    -9.571324303410668e-02    -3.341247988481568e-01     4.064224369901319e-01    -1.537570619475943e-01    -1.710654927269357e-01    -2.063830193922084e-01    -7.572607080145565e-03     6.643033294703506e-01    -9.879120211674860e-01     1.031891919662218e-01    -8.489482479526256e-01    -2.800033805575586e-02     4.431463433640678e-01     9.997869806302196e-01 
mHe                          -9.641695529246591e-01    -9.571324303410668e-02     1.000000000000000e+00     2.740690194845251e-01     8.711788340536493e-02    -9.607241060535807e-01    -9.641695529246590e-01    -9.126290876683535e-01     6.135183366672105e-01     6.795689275532698e-01    -5.951806099553166e-02    -9.704838021956635e-01    -4.426574274909104e-01     2.314618191866940e-02    -8.893793636578931e-01    -9.482311931085459e-02 
A3_surf                      -1.936239208528318e-01    -3.341247988481568e-01     2.740690194845251e-01     1.000000000000000e+00    -9.087937687595685e-01    -2.860931301720114e-01    -1.936239208528318e-01     6.273131819843804e-02     7.696666901165108e-01    -3.332059404956807e-02     2.986837339458565e-01    -2.874357158303532e-01     1.200529487136331e-01     7.972815786026382e-01    -1.340013210031348e-01    -3.339302082911800e-01 
Am1_surf                     -1.820675654424604e-01     4.064224369901319e-01     8.711788340536493e-02    -9.087937687595685e-01     1.000000000000000e+00    -7.852487952441917e-02    -1.820675654424603e-01    -4.439930026668599e-01    -5.980688271971892e-01     3.565559164295471e-01    -4.279296422736875e-01    -6.139441935031314e-02    -3.730042174375049e-01    -8.622174190498545e-01    -1.685333944690890e-01     4.066460329073686e-01 
Radius                        9.935264057639734e-01    -1.537570619475943e-01    -9.607241060535807e-01    -2.860931301720114e-01    -7.852487952441917e-02     1.000000000000000e+00     9.935264057639731e-01     9.139059001821581e-01    -7.018048158475609e-01    -8.347272329227431e-01     3.025771098510618e-01     9.346429383065398e-01     6.521071817072106e-01    -1.422485912879241e-01     7.300443699112298e-01    -1.545228708906786e-01 
Mass                          1.000000000000000e+00    -1.710654927269357e-01    -9.641695529246590e-01    -1.936239208528318e-01    -1.820675654424603e-01     9.935264057639731e-01     1.000000000000000e+00     9.540533909733446e-01    -6.163930142438212e-01    -8.489245739041603e-01     3.213705860631637e-01     9.364445343284604e-01     6.644524425562413e-01    -2.970029729489755e-02     7.584331157895513e-01    -1.718687074136005e-01 
log_g                         9.540533909733450e-01    -2.063830193922084e-01    -9.126290876683535e-01     6.273131819843804e-02    -4.439930026668599e-01     9.139059001821581e-01     9.540533909733446e-01     1.000000000000000e+00    -3.522278714582839e-01    -8.337142715216030e-01     3.511410402437072e-01     8.778056143614494e-01     6.554452658313401e-01     2.691617016434562e-01     7.853705858283271e-01    -2.072332157014310e-01 
Rho                          -6.163930142438214e-01    -7.572607080145565e-03     6.135183366672105e-01     7.696666901165108e-01    -5.980688271971892e-01    -7.018048158475609e-01    -6.163930142438212e-01    -3.522278714582839e-01     1.000000000000000e+00     4.617130173774688e-01    -8.151301628122959e-02    -6.129323935850969e-01    -3.533241186522737e-01     8.003472402704261e-01    -3.048911063549526e-01    -7.298995315883037e-03 
Age                          -8.489245739041607e-01     6.643033294703506e-01     6.795689275532698e-01    -3.332059404956807e-02     3.565559164295471e-01    -8.347272329227431e-01    -8.489245739041603e-01    -8.337142715216030e-01     4.617130173774688e-01     1.000000000000000e+00    -7.717389261442108e-01    -6.462984718382103e-01    -9.568431542102775e-01     6.057255709911375e-03    -3.381321845912496e-01     6.647290508080572e-01 
Teff                          3.213705860631638e-01    -9.879120211674860e-01    -5.951806099553166e-02     2.986837339458565e-01    -4.279296422736875e-01     3.025771098510618e-01     3.213705860631637e-01     3.511410402437072e-01    -8.151301628122959e-02    -7.717389261442108e-01     1.000000000000000e+00     4.745175468061552e-02     9.198107151836117e-01     3.248362158558975e-02    -3.038246775511291e-01    -9.878378265318052e-01 
Xc                            9.364445343284605e-01     1.031891919662218e-01    -9.704838021956635e-01    -2.874357158303532e-01    -6.139441935031314e-02     9.346429383065398e-01     9.364445343284604e-01     8.778056143614494e-01    -6.129323935850969e-01    -6.462984718382103e-01     4.745175468061552e-02     1.000000000000000e+00     4.236169210219926e-01    -4.472165938981693e-02     8.622682097874373e-01     1.022837827006746e-01 
Luminosity                    6.644524425562415e-01    -8.489482479526256e-01    -4.426574274909104e-01     1.200529487136331e-01    -3.730042174375049e-01     6.521071817072106e-01     6.644524425562413e-01     6.554452658313401e-01    -3.533241186522737e-01    -9.568431542102775e-01     9.198107151836117e-01     4.236169210219926e-01     1.000000000000000e+00    -3.223067689483173e-02     5.891410235180869e-02    -8.492841012999870e-01 
Dnu                          -2.970029729489760e-02    -2.800033805575586e-02     2.314618191866940e-02     7.972815786026382e-01    -8.622174190498545e-01    -1.422485912879241e-01    -2.970029729489755e-02     2.691617016434562e-01     8.003472402704261e-01     6.057255709911375e-03     3.248362158558975e-02    -4.472165938981693e-02    -3.223067689483173e-02     1.000000000000000e+00     2.520297805168845e-01    -2.835250206307530e-02 
numax                         7.584331157895515e-01     4.431463433640678e-01    -8.893793636578931e-01    -1.340013210031348e-01    -1.685333944690890e-01     7.300443699112298e-01     7.584331157895513e-01     7.853705858283271e-01    -3.048911063549526e-01    -3.381321845912496e-01    -3.038246775511291e-01     8.622682097874373e-01     5.891410235180869e-02     2.520297805168845e-01     1.000000000000000e+00     4.422115957076933e-01 
Fe_H                         -1.718687074136006e-01     9.997869806302196e-01    -9.482311931085459e-02    -3.339302082911800e-01     4.066460329073686e-01    -1.545228708906786e-01    -1.718687074136005e-01    -2.072332157014310e-01    -7.298995315883037e-03     6.647290508080572e-01    -9.878378265318052e-01     1.022837827006746e-01    -8.492841012999870e-01    -2.835250206307530e-02     4.422115957076933e-01     1.000000000000000e+00 
