Summary
=======
Mass                          1.404042886575223e+00     4.163990461012017e-03
log_Z                        -2.029787360850178e+00     1.480389286174453e-02
mHe                           1.719641141486010e-01     4.626595046421297e-04
A3_surf                       6.764204973006638e-11     2.623995628872287e-12
Am1_surf                     -5.596459751689194e-06     1.472673521795471e-07
Radius                        1.032336099503724e+01     1.375527482997219e-02
Mass                          1.404042886575223e+00     4.163990461012049e-03
log_g                         2.557804640272822e+00     7.025992132843957e-04
Rho                           1.799214524483382e-03     3.971488763150264e-06
Age                           2.862710590224339e+03     4.095903363578448e+01
Teff                          4.703926176003004e+03     8.051261977520154e+00
Xc                            4.781576067660900e-34     6.781867739183313e-36
Luminosity                    4.700924210888812e+01     3.384530887854568e-01
Dnu                           4.501762789273194e+00     6.952940586991338e-03
numax                         4.509588573730891e+01     7.944457736648609e-02
Fe_H                         -2.787579081500597e-01     1.594322300944426e-02

Correlation matrix
==================
                          Mass                      log_Z                     mHe                       A3_surf                   Am1_surf                  Radius                    Mass                      log_g                     Rho                       Age                       Teff                      Xc                        Luminosity                Dnu                       numax                     Fe_H                      
Mass                          1.000000000000000e+00     9.048431004846341e-02    -9.200907130384778e-01    -6.058981707738512e-02     1.864954822976721e-03     8.395180761912292e-01     9.999999999999998e-01     4.462245357463486e-01    -1.790450422917701e-01    -6.188467438767085e-01     5.685941214213224e-03     8.041541437368573e-01     3.156511497529153e-01     3.947637107156711e-01     4.074096278426640e-01     9.089941236329242e-02 
log_Z                         9.048431004846341e-02     1.000000000000000e+00    -4.667154117969104e-01    -1.802281245209128e-01     1.598721234541529e-01     1.085689148174599e-01     9.048431004846366e-02    -1.328847480637375e-02    -7.521988880370041e-02     7.261328900735945e-01    -9.946500881796155e-01     6.576681978509011e-01    -9.021352519499366e-01    -4.608125210701859e-02     4.720126976680628e-01     9.996591566129418e-01 
mHe                          -9.200907130384778e-01    -4.667154117969104e-01     1.000000000000000e+00     5.689273794370382e-02     5.808291496651927e-03    -7.461153008591059e-01    -9.200907130384779e-01    -4.539502245706261e-01     1.170622873797053e-01     2.671806616913871e-01     3.768004358638443e-01    -9.657142478325527e-01     8.119477371826933e-02    -3.922406419846121e-01    -6.006629292101511e-01    -4.669221686004522e-01 
A3_surf                      -6.058981707738512e-02    -1.802281245209128e-01     5.689273794370382e-02     1.000000000000000e+00    -9.843115763145875e-01    -5.584717303743570e-01    -6.058981707738527e-02     8.090333292928776e-01     9.299860342230737e-01    -1.023266049125171e-01     2.100626401804357e-01    -1.510864359132967e-01    -7.201017089740686e-03     7.607738189053497e-01     6.407133520095332e-01    -1.803928205818106e-01 
Am1_surf                      1.864954822976721e-03     1.598721234541529e-01     5.808291496651927e-03    -9.843115763145875e-01     1.000000000000000e+00     5.302269641327735e-01     1.864954822976898e-03    -8.699178281924818e-01    -9.575992350888010e-01     1.268715205086373e-01    -1.968146459020395e-01     9.496173741931084e-02     9.301251694752034e-03    -8.158575946477213e-01    -7.031053149789057e-01     1.600086909699758e-01 
Radius                        8.395180761912292e-01     1.085689148174599e-01    -7.461153008591059e-01    -5.584717303743570e-01     5.302269641327735e-01     1.000000000000000e+00     8.395180761912293e-01    -1.116197269601317e-01    -6.848601413299938e-01    -4.926785579539070e-01    -4.850124883780065e-02     6.937917241146564e-01     3.235012187988985e-01    -1.228794680146404e-01    -7.858764096262176e-02     1.090191257179041e-01 
Mass                          9.999999999999998e-01     9.048431004846366e-02    -9.200907130384779e-01    -6.058981707738527e-02     1.864954822976898e-03     8.395180761912293e-01     1.000000000000000e+00     4.462245357463484e-01    -1.790450422917702e-01    -6.188467438767085e-01     5.685941214212993e-03     8.041541437368569e-01     3.156511497529151e-01     3.947637107156718e-01     4.074096278426639e-01     9.089941236329270e-02 
log_g                         4.462245357463486e-01    -1.328847480637375e-02    -4.539502245706261e-01     8.090333292928776e-01    -8.699178281924818e-01    -1.116197269601317e-01     4.462245357463484e-01     1.000000000000000e+00     8.005623904868443e-01    -3.203775906186977e-01     9.024965087346475e-02     3.277162956528983e-01     4.444739229230694e-02     9.251385220330608e-01     8.746159889368267e-01    -1.327060711089787e-02 
Rho                          -1.790450422917701e-01    -7.521988880370041e-02     1.170622873797053e-01     9.299860342230737e-01    -9.575992350888010e-01    -6.848601413299938e-01    -1.790450422917702e-01     8.005623904868443e-01     1.000000000000000e+00     6.217204225936752e-02     9.542950077762644e-02    -1.780199274778488e-01    -1.624773002104379e-01     7.523900977511250e-01     6.887030031269116e-01    -7.547838282916666e-02 
Age                          -6.188467438767085e-01     7.261328900735945e-01     2.671806616913871e-01    -1.023266049125171e-01     1.268715205086373e-01    -4.926785579539070e-01    -6.188467438767085e-01    -3.203775906186977e-01     6.217204225936752e-02     1.000000000000000e+00    -7.883815469552453e-01    -3.532677084261681e-02    -9.289033453959933e-01    -3.120736985613493e-01     8.931281124239419e-02     7.256278814643193e-01 
Teff                          5.685941214213224e-03    -9.946500881796155e-01     3.768004358638443e-01     2.100626401804357e-01    -1.968146459020395e-01    -4.850124883780065e-02     5.685941214212993e-03     9.024965087346475e-02     9.542950077762644e-02    -7.883815469552453e-01     1.000000000000000e+00    -5.823767154225824e-01     9.294099721845769e-01     1.161827790051915e-01    -4.039014010494386e-01    -9.942753197883714e-01 
Xc                            8.041541437368573e-01     6.576681978509011e-01    -9.657142478325527e-01    -1.510864359132967e-01     9.496173741931084e-02     6.937917241146564e-01     8.041541437368569e-01     3.277162956528983e-01    -1.780199274778488e-01    -3.532677084261681e-02    -5.823767154225824e-01     1.000000000000000e+00    -2.951272771697404e-01     2.547962002740389e-01     5.847820838059697e-01     6.578732207066982e-01 
Luminosity                    3.156511497529153e-01    -9.021352519499366e-01     8.119477371826933e-02    -7.201017089740686e-03     9.301251694752034e-03     3.235012187988985e-01     3.156511497529151e-01     4.444739229230694e-02    -1.624773002104379e-01    -9.289033453959933e-01     9.294099721845769e-01    -2.951272771697404e-01     1.000000000000000e+00     6.471540502233790e-02    -4.114834104880177e-01    -9.017151114721255e-01 
Dnu                           3.947637107156711e-01    -4.608125210701859e-02    -3.922406419846121e-01     7.607738189053497e-01    -8.158575946477213e-01    -1.228794680146404e-01     3.947637107156718e-01     9.251385220330608e-01     7.523900977511250e-01    -3.120736985613493e-01     1.161827790051915e-01     2.547962002740389e-01     6.471540502233790e-02     1.000000000000000e+00     7.932132176419430e-01    -4.748965341853038e-02 
numax                         4.074096278426640e-01     4.720126976680628e-01    -6.006629292101511e-01     6.407133520095332e-01    -7.031053149789057e-01    -7.858764096262176e-02     4.074096278426639e-01     8.746159889368267e-01     6.887030031269116e-01     8.931281124239419e-02    -4.039014010494386e-01     5.847820838059697e-01    -4.114834104880177e-01     7.932132176419430e-01     1.000000000000000e+00     4.718208927521477e-01 
Fe_H                          9.089941236329242e-02     9.996591566129418e-01    -4.669221686004522e-01    -1.803928205818106e-01     1.600086909699758e-01     1.090191257179041e-01     9.089941236329270e-02    -1.327060711089787e-02    -7.547838282916666e-02     7.256278814643193e-01    -9.942753197883714e-01     6.578732207066982e-01    -9.017151114721255e-01    -4.748965341853038e-02     4.718208927521477e-01     1.000000000000000e+00 
